20.5167773472768	0.20647720860195096
21.8068990400933	0.1794363063090812
19.1585842552789	0.16812881790124834
20.9207188095579	0.1587357249764601
27.1800188564047	0.15135319125914637
27.3605173278992	0.1441177512727514
28.0626641379816	0.14379146659683886
30.691251538725	0.1417468451615655
30.1938765694037	0.13953760284552094
33.0093361175977	0.13689791349233496
33.1839212815785	0.13760912403536005
409.104280337405	0.1686007874197665
353.372262804152	0.08816601626190486
69.6230345663478	0.07748288227656695
70.9624696730746	0.08053406125059807
72.494248110211	0.0828625293501586
72.901612869762	0.08240268135215678
72.9561082931893	0.08182325555411057
68.8266849876932	0.08207885148445808
66.2901556933911	0.09940167945355503
69.9944830454585	0.1057532782385436
75.4132264029376	0.09882129037285652
75.0975295631795	0.09229850465510366
80.6395110269461	0.09146473612887637
94.2676284963374	0.9065673424927088
24.4581220922772	0.5811000697446461
26.5929155140507	0.447694469793465
27.9364063293721	0.41283384653801686
28.5956799804499	0.33052987484696184
27.9067478774952	0.2903777118138181
30.5347050292763	0.27733983439998294
30.5834512449376	0.2564984240042572
28.9498245571933	0.23369644320227906
30.5419365542588	0.21056156557179553
32.2837487473102	0.1859770682614078
38.3384224091363	0.1764236896501891
39.2672920074285	0.17361068916881553
43.7854845490717	0.17199992897234279
46.3132005744325	0.1699084971947399
40.8924924001291	0.165761377040493
39.1895335467601	0.15974709127489323
42.5814447826125	0.15562125899685403
46.1780382890475	0.15603014312878927
44.9644881881264	0.16686882052412982
45.5904776511297	0.14769142210297453
73.4131141830989	NA
73.4659372039661	NA
75.4485563879395	NA
75.8044167137083	NA
195.772946538731	NA
214.971598692381	0.20517961452635902
217.80669877506	0.17126341862566952
228.874796549066	0.16791740905829933
232.057574887788	0.15807876503811272
235.576725849283	0.1537771450930321
237.950274899294	0.15548347374843874
239.362073894253	0.15264530173922342
231.110237056458	0.1517658381206613
236.246091613959	0.1522074146726138
236.209413074696	0.15100718027144955
237.43711838924	0.15380979304473716
236.01356414335	0.15357937796657833
242.095205092143	0.1540118375947533
248.752318802268	0.15339737739144635
172.671837513109	0.19169621924921865
167.258493285076	0.18993142771665586
165.787553944119	0.18864773051794612
167.138914263544	0.18736317004009886
160.619375164328	0.18580658846276832
135.589303076947	0.7499330386111793
78.8020358865192	0.6221662692704432
66.4308317993072	0.5686431090703401
63.5271296520468	0.5129220401498782
65.2367658626338	0.5044935978104589
60.3783394657463	0.3901703811836699
61.8153066003334	0.35529563426559135
70.043516128303	0.22065358724097636
68.3523867784098	0.21906069308229656
62.1554452426208	0.21709686233591416
66.7088657113717	0.21275254141503788
58.915232094789	0.20224574222810796
56.6286705569801	0.1929462271548412
60.3883501633528	0.18932240145594012
64.7236305023364	0.19477472972385987
64.7699382644951	0.19180499343673932
65.9453712951452	0.18411332247006984
18.1523637684676	NA
17.027637483276	0.01779922939927217
16.1510526675036	0.014856744024921651
17.9294812868748	0.014498512900916046
9.75084628765602	0.03744292248373487
9.92031698349271	0.04054044008963497
118.013748937852	0.4602221461684453
107.898970923858	0.3831927971315701
104.62587996385	0.34099993087547326
96.4496480057574	0.30680935607340215
98.4052045942432	0.24968125215674888
104.424876520149	0.22214001148036908
103.998827488723	0.21337413645767347
107.32512781148	0.2278925698782981
105.243513086725	0.21488379058662185
111.82507924924	0.2040589763746452
115.742428150651	0.19421450119436104
114.681116529284	0.18387553846215152
113.959128451949	0.17189692223984934
101.515456311824	0.17228890610254619
444.98444013144	0.2765863324270771
487.324461940547	0.1330678805673789
459.208859255046	0.12757256415530363
491.884488132128	0.12024226223166215
488.901045027182	0.1152949149839536
473.398037296423	0.10773102993566608
476.929172881626	0.08859232193363392
435.937607317552	0.08273775319637983
430.439377046068	0.0784496315081211
418.081763807925	0.0767824446960328
407.484675612189	0.08267744748744228
439.31321199351	0.08940091179268826
108.504142468905	0.19843593342690996
90.2337694526418	0.1540000819149372
92.7572112158871	0.15165942020672488
92.348994996583	0.16907685158747487
91.0391124221834	0.17462993781203467
68.8831303206923	0.6449990886292355
190.012683553642	0.7568694219391704
104.698025539411	0.5587588937044322
107.782834889606	0.5545598268559303
107.961017016228	0.5357411797458868
106.309765475346	0.5334635372726353
104.023931210888	0.534743292546368
106.152588638615	0.5287391200557273
107.122002618928	0.5219704295933749
109.824318747602	0.49478580715639586
113.742271337296	0.46772185303605524
118.308876468979	0.4580110928042597
118.981382721572	0.5972050938567292
127.210807243571	0.597921307084161
125.22329419378	0.5946507001335937
125.817662358167	0.5953463656488265
119.873832651021	0.594393585902249
124.475332887343	0.5988158054997859
132.749050090907	0.5948475445718837
137.973868560131	0.5759721649052222
123.699312576853	0.5608662249845144
125.667646942541	0.539021068189063
23.7338431534286	0.06135277126303309
24.8388533731337	0.05957488195131005
26.3395086701591	0.06292867373079558
26.1281782134526	0.06203011556472054
25.2892539966021	0.05769658053958301
35.6367319576173	0.0653630828128046
42.4527214831619	0.12570185572855896
44.6852881474328	0.11287227493739847
46.2083718260486	0.11243346129765627
47.6954794226997	0.1068420168510523
48.0727984604584	0.10736530126388584
48.4163202960818	0.10365785438911615
50.8483118229169	0.11250647366523413
51.4937685811397	0.11090913506413212
52.6341496786149	0.11548139316087493
54.9061811430735	0.11835947836095807
57.2536860640998	0.11934659384491707
54.9801050890378	0.12035663805731725
54.7203988621633	0.1802950682702667
366.181252133893	0.43395764834820727
36.7505705203138	NA
42.6967382786793	0.17832771865201022
44.3017744762309	0.19406784955641634
42.3455822219363	0.1907906667472647
43.3240872237723	0.19879553294743613
47.490711228686	0.2037561700190878
47.9611409365861	0.2064776978168655
48.7965564944853	0.20211593301979888
48.4665013726594	0.19217635236569253
48.3731190648306	0.19287219629685384
47.4520156000242	0.18808095487718843
45.9451862351345	0.1899677468183459
46.491098036738	0.17408888160190358
47.0447318090482	0.17270150645033788
47.5588113933209	0.17317560988447064
49.1633565968133	0.17225767860260216
45.2297731419048	0.17766324188449611
48.4375911092	0.18929697644221852
315.730620236854	NA
322.513067210353	0.2065049217762226
337.158750658398	0.196831844461717
340.23841053681	0.18803578542645835
340.355170737085	0.18108698543922747
335.839859788051	0.1775719984485613
342.501807081919	0.16954033826858994
349.09872883039	0.17295384990167925
340.359600278477	0.1727828779623177
337.744104591032	0.1717075573164206
352.291717284598	0.17044119533708407
357.073204908449	0.17344332832534357
355.670094967239	0.17648291049709683
348.046437200373	0.1785194791230689
346.934555907909	0.17960940521846167
346.159630673617	0.18433623290642392
137.257046585975	0.16297149584418577
137.152630566667	0.16302882358545687
141.393067688228	0.1557898675170683
131.169794348348	0.15569088916670656
126.98871520703	0.15607273715335784
61.3664594175044	0.07995864736286701
67.471474125517	0.07268249549566333
68.9030112046545	0.07859180863458233
72.1641591554007	0.08770055052834824
71.7370640164945	0.09002334653635218
69.6987265214945	0.09044951015882731
71.3064461273381	0.08363746720506166
71.2970083573339	0.0830955243928738
74.9797038910396	0.08441760185886822
76.4395623699914	0.08043849077048901
78.6373603206725	0.08658650920229972
80.6170522937506	0.08602757065562455
79.0554845997622	0.08445086179588658
78.7501753101534	0.09051649446035105
84.7089422082014	0.09563608852819831
92.5826804960728	0.09655446183001265
95.2545225637248	0.09893408671615825
88.1712749478726	0.10261340833011928
87.024774421051	0.1005882110653645
39.3489841215513	0.16262440261329103
39.9694412184477	0.15947880689064245
39.5550563049168	0.15482885758067633
39.4546687118818	0.12593493421700475
33.6930131975395	0.030831937947801834
34.782237690454	0.0267234723558862
34.9818123172936	0.026670465964339928
33.5012212710929	0.025089261474043327
34.4069118644776	0.02827787952945973
30.6363508799444	0.024067423987189633
30.3276509722289	0.022108764985419145
29.7932043900542	0.06290340611400765
28.8724499699823	0.05036101032573974
29.0282981486097	0.04909641609636589
28.926597158323	0.04786282944005799
29.6449054300389	0.05239287206814208
30.6439659324018	0.047791915965581674
30.1364793079481	0.04899257251935016
31.0764770572944	0.0444344349441528
30.8957943976553	0.12365441672261646
30.3459301084307	0.12067605983024264
30.0491640191276	0.11769203227256697
29.2946310826775	0.11807899036479409
31.3829697067743	0.10497522112128387
33.4197950778839	0.13320067029744448
33.0583026640533	0.12847047922839153
34.1053244244529	0.12574937690985755
35.8762539160224	0.12541097142303467
41.3753844949342	0.12744223274855335
40.8233325491145	0.129503997116412
43.3566919007142	0.13393920302887657
45.9112570591285	0.1301686923803502
46.0756862219495	0.1325576717092354
45.2963340207752	0.14494274215716388
45.5529160682427	0.13687143152609718
49.4791824722787	0.7915041979943848
46.3806995734094	0.7894108554469951
47.9437225490938	0.7872656323255521
50.9862090007247	0.7819895742084103
49.7251547291445	0.791366985508743
46.4072275167749	0.7944987360989949
46.0786947114503	0.7897578840039337
45.0263757294386	0.7885038108171453
42.7235824883164	0.792449552220686
42.6624993227083	0.8017346795504463
40.793478469238	0.8149313695777666
43.1746318209299	0.8222038012955163
57.7685392668027	NA
77.61074670415	0.12015624085669144
86.0134769600901	0.13147941356579373
93.3886278959614	0.1309405184543511
89.8040547807119	0.12914188615123195
94.1101006235522	0.129323358318416
92.8770269907942	0.12761217017117632
97.9044330676214	0.12556605807935595
95.2369345630435	0.12421052179164008
94.9014258831734	0.12514670559184926
101.31215761691	0.12354091307046684
93.5598087201569	0.12135350393515246
93.4742567931688	0.12237067118576023
95.4979249016103	0.12189868488625612
99.0272179229838	0.11905262638140364
103.061826743195	0.12033910159955953
99.3442256213881	0.1224605638441755
94.9707587643801	0.12157099780420923
170.027558197014	0.2119050261854068
175.182094642592	0.34005749426479703
177.371691573602	0.34055157680189235
185.499214747348	0.3338407954707883
189.798525320186	0.3346564508956751
187.31232736887	0.19691297147680772
191.107160030161	0.19528299849445913
190.162794541001	0.19438038598087354
184.374641474303	0.19506890666150242
171.983003837304	0.18981272649137618
180.488623280605	0.18837863507507593
173.767106007852	0.1875780677869187
172.79279408988	0.1810581136709765
170.10932304359	0.18236041870209713
166.974338011212	0.18419655906692214
164.666966642632	0.18526064811015647
175.539499415438	0.17878703848240254
180.851051554447	0.1755551583459314
179.04252876471	0.17095037270227692
177.951313146026	0.16782422799981817
173.875011803827	0.16457459700381907
174.46648167281	0.16233065278238565
179.312105095394	0.15334781968160877
175.066908121175	0.1509724161257625
174.066348614423	0.14960188483616405
175.317640025092	0.1459644923126888
174.150087196298	0.1405098434938004
179.096845079215	0.14022694170568456
169.934337465793	0.1391039489954097
172.070393678655	0.13942533556025516
161.757064754066	0.14122575179588426
170.406083730463	0.1423779440020238
165.077828417806	0.14304016692228186
165.376425762182	0.14380890216878298
167.996586271473	0.14344056214068898
161.294874239441	0.14381256369335807
27.374429094279	NA
164.170951399659	0.3284220923244709
160.987075606712	0.3284430427563669
153.892976822501	0.3290380847841492
149.159554830232	0.3303574079203017
153.109420741461	0.32877197972928945
151.063846178462	0.3279716179072877
159.133323933722	0.32330764463263395
153.662800050212	0.3201854115370935
149.076535523442	0.32004693817680896
159.147427588797	0.31781295234989104
154.727246725447	0.3198848619223391
149.657744273469	0.30194790181951103
142.443771507617	0.3095434130342233
150.046405046755	0.30984800236457455
138.297875020227	0.3039552363682311
132.494700143093	0.3029554256411172
133.908003879913	0.30424145190632834
120.982381164143	0.29854632737177
31.1534383489622	0.0958737493598664
31.8902809419441	0.09877893653805835
34.7075674365373	0.11235551280987442
35.9769815203159	0.11537777023639266
36.7693218439095	0.11436746653837478
38.7383688896591	0.10777120426153969
28.9607044411402	0.10156664446178917
31.8231172907666	0.08137311320625504
32.7133088320059	0.08202607323824572
33.2050799028778	0.08411840756043246
33.4073177366812	0.06910309807245375
29.830270344903	0.06349208675075889
32.1623565883189	0.0664633767439154
30.259744921632	0.2945941820396761
30.5950811044415	0.291360098432101
31.1183938435861	0.284746674757404
32.8390271009325	0.27874939307440455
37.1368850663653	0.240138840007895
38.434303920574	0.26243971951459155
40.2933197567322	0.25222281771526117
41.0555615032237	0.25150286588683646
41.2185670175905	0.24210256067845895
39.755430357004	0.23269494156435055
40.7652121093976	0.2225444020468766
40.9714625578195	0.2221057683831092
38.5867675557548	0.21456511957883087
37.7020139224206	0.20881098972339
80.2271776951284	NA
100.084480111054	0.13502956937286772
109.278521512612	0.13412011494145215
107.280067316543	0.1378458000083669
113.363852232351	0.13777177427952825
118.453735726114	0.13355234495305277
123.5517302427	0.13275203291858528
128.817856225248	0.13358772360828566
131.209362138731	0.13759379710447342
133.176552378094	0.13596800103586673
135.243153631183	0.1364876702390946
138.645983003309	0.13652573308234386
139.185857691588	0.13705679656013797
136.786156156412	0.13382587097177395
136.198001750271	0.13222174337948464
129.763099012428	0.13031126088746098
118.51538656026	0.13366818807264058
117.895144405267	0.1363852015087528
115.66806637044	0.13902828604087702
115.403611234531	0.13198395668090118
108.233213166978	0.1256016846207292
106.245964094204	0.12621541872023398
110.713265941696	0.1287020718351371
264.008385826137	0.7930002921716107
154.804045323506	0.3511018607120851
172.340826359429	0.3308576649172712
170.985383933534	0.28312440506489284
157.765768295197	0.2767576460910186
148.035489936342	0.26716775463313414
144.348653406401	0.24304466810638614
151.332389070943	0.2518466261519928
146.068265592887	0.24179973544084538
162.072628295223	0.23340666020445952
166.065044150216	0.2279341733184326
164.097142297524	0.23062470504079713
161.10953139084	0.2379499958899546
180.729416984013	0.23018734330859988
174.941992291176	0.2248324503871159
155.831808717825	0.23171480541749215
179.853923209182	0.23159045917487125
180.481608322292	0.22987402728827164
177.829629509886	0.24028524560949924
196.623812408247	0.24089519002811424
195.3400283468	0.24868408983990128
177.785199899083	0.24002693198362512
23.0704627948244	0.029768274166273208
23.3468450026727	0.018843877648118217
19.4804325804764	0.15580654395663635
176.876689921546	0.23664315117669363
175.700160466492	0.23697254829880515
176.200540545762	0.23986435146461255
180.828097445911	0.24203993400064266
179.968255449839	0.24266723165351803
181.872474363484	0.2410756543569066
183.161496668811	0.23819845759393804
54.8130730085394	0.2269014507390171
55.5936480798465	0.22160936182082633
54.9193039929263	0.21232478334205782
56.8700757293123	0.21825006983525158
54.1709929480225	0.19942475086681377
161.487976448863	0.17971087923745585
161.523735346477	0.19191759681714782
157.376346239576	0.19343410177654893
159.291398221399	0.1970750738194619
157.736792368446	0.19915852537640846
157.396879034191	0.19960172477853916
153.731356626659	0.1955131881375739
147.150955236644	0.19200687014083598
143.815762822832	0.18914822229406417
134.755743040084	0.2022783899431316
138.315792540383	0.2010647379766283
127.49425459639	0.193738702712739
130.454649623483	0.18097559502516902
128.145502469927	0.1777885745809392
119.317271235628	0.16758621177890368
118.778679605609	0.16435979544956034
36.5441233063145	0.2988599348534202
37.9752815459263	0.24733591500855653
34.7012822052898	0.2533665295134048
33.0436021095454	0.27247546832575165
31.0798375298489	0.25200107555194146
32.5197872099456	0.2142569189367
29.8275668843345	0.21213544599842116
31.7184487684323	0.21012705435212592
32.698344510494	0.20004821977216894
33.5312731096932	0.198022245420242
35.7656394206501	0.1774582249153712
37.0335834389102	0.1527235212050552
37.5783304629513	0.14677247695240797
42.5606586426142	0.13549100087346533
44.6622660669092	0.13791137667417955
46.948305906648	0.122738544782842
52.4720221476693	0.12488381667080788
156.087900808507	NA
157.465477171873	NA
160.925544939347	NA
166.492134670764	NA
170.229393559686	NA
175.298919157434	NA
176.462378488358	NA
176.333435993367	NA
177.69048485608	NA
188.776951461283	NA
193.325809302395	NA
199.734603315653	NA
198.992906383423	NA
77.0273278601532	NA
91.0912718679532	0.1869936198930901
92.9526726305658	0.18219605569905153
95.4215204108241	0.18207751727583552
98.6048759071361	0.18077908717380378
103.112222250766	0.17813161641282968
103.124351978098	0.1771443402669876
108.004363870396	0.1763649109165307
110.996760170226	0.17791376949156604
111.818887914834	0.18200233621281028
114.695443425829	0.1860426268224717
116.580054098876	0.19794441724894277
118.321110210268	0.1942564566504602
117.88479373854	0.20177448624219327
117.555119822386	0.2037054504262139
118.004682661222	0.20518286669220875
113.992377689342	0.20058772334922256
106.977348878248	0.1956184084448023
103.8645727737	0.1872557272322032
103.674815946339	0.1698079757628709
92.1519132455906	0.16711775045013919
91.9797194457655	0.1645564832487293
94.4153150809339	0.16057070989449043
22.2117476512735	NA
22.9925268131778	0.04386297959623059
24.4575280159879	0.043122504624886294
24.5613255269385	0.04112778555174041
25.0605050627924	0.04183428866977562
26.4569830003565	0.04060163427310082
28.1885465209126	0.0461153482803783
28.4387368322616	0.04161717935593071
53.549683127955	NA
66.3035820593269	0.06562530043429737
75.0650446738184	0.0752573682794703
70.9447894389202	0.07485198737741558
67.8128283695966	0.07581605604019108
86.8980290619983	0.07623893560530601
104.874420721488	0.07772985861577023
88.42748225913	0.075198090858027
91.384460843025	0.0732937843210564
84.6643275891543	0.0709381614726328
87.178317225327	0.07010616444534941
81.4529473319215	0.0673621290167251
80.2814866484953	0.06530767452365055
83.9834252253919	0.06419592931111098
89.2457233404281	0.06327350629916217
87.0560699233683	0.06351689415750936
91.2875763697384	0.06520905567355419
84.5585442227538	0.0671754840638599
90.4437404697471	0.06655417695249524
86.5711152131095	0.06674098668488435
84.4412832515298	0.06725207654630838
85.5565919915525	0.0688400931263449
23.7665463973176	0.06639123067096868
23.2632431783322	0.06407071442036158
24.5053902028062	0.05799575957827653
25.4385104055895	0.06035886166215635
22.1910398468199	0.05848193285943888
23.0581983121487	0.07138653938741908
23.3346540107404	0.05373276381839897
24.5501201132246	0.04898448263739814
25.6616182180196	0.053022199979720075
86.0047929644512	0.6797424232941127
77.196112500995	0.36565895044983016
81.8488970323394	0.38082292186585026
84.507936242019	0.3525259420541839
83.8770670638033	0.31970015781167804
81.6344667460273	0.33521255677153683
87.8200932961885	0.3098007370590732
90.2087193400735	0.30592955786501314
96.5263975239745	0.2828851086680824
96.459818547062	0.273077274838747
97.7401653735475	0.25781969564774937
97.1915395613069	0.25893982459116544
100.962490550724	0.27367551378704946
98.5183616735835	0.2559469806447824
95.4633519102494	0.25255562236921225
94.5566570401744	0.25384265622795144
92.6721425514094	0.2469818951022632
87.6612233301758	0.2500776270280061
86.1169457499105	0.2512932688952474
82.515155519125	0.2615842958178342
110.78165306942	0.26055721070102617
108.869427016838	0.24128908893960793
107.818641568341	0.2329205340214497
107.337517824527	0.22560173791239363
110.61311891266	0.24359500682610524
107.739817180906	0.23749795836571955
102.097364706251	0.23878805187838775
98.1782481242903	0.2451140677372089
99.9596992294822	0.24481548886622195
104.910814543184	0.24888870991845619
16.2405139897256	NA
17.7133333653227	0.05933135683658069
19.1793883907564	0.05534494642283677
19.3608719962329	0.05345516686242197
19.6937923775393	0.052654776509519975
19.7825796031584	0.05113867592029371
20.4300121447838	0.05001485674229549
20.5273592988735	0.04866915303862805
20.4740552945862	0.0470505369946934
20.6941154177918	0.0450227682696123
20.8207182014778	0.04346363927971128
21.4658480970846	0.04152795459488582
21.8871593927602	0.04009888233935578
121.141295457546	0.1904018204816761
126.647059935646	0.181633537520133
133.782309805025	0.1761692228352454
139.35757169548	0.17315390247509657
146.143121629352	0.16742316276629068
151.452783256387	0.1591013319481117
154.901012659022	0.16135281626222323
158.53376119187	0.16959653022180793
156.34860210986199	0.1721606935616512
150.226339210209	0.16959832345095022
152.026304734385	0.16838422485108795
149.746881960353	0.16188206990677553
146.419129094872	0.1588918385915571
146.078746171337	0.15815177672629688
140.964724440451	0.17852854668481047
134.922355850807	0.17772847851000756
135.024449480027	0.17435883003246197
123.023872148121	0.17156328554567113
122.508482328683	0.1616394669327252
120.914057789119	0.15629976864276757
117.840619781495	0.15789336728775802
121.118924698693	0.1610898397773649
106.683335574207	0.162947001824324
110.144813137408	0.15931365966506864
115.120234328451	0.1613529128672337
121.843606785597	0.16807697706824096
137.648338621761	0.15112667584949738
136.02075153353599	0.15098973346051278
134.922833680387	0.15046378473330116
42.3028287817084	0.18609885548112826
42.0983844008054	0.190023705048671
41.9901214419047	0.18872259435843144
42.5394665484143	0.1900750398423923
42.825344578238	0.18639591534354086
41.7133089954324	0.18633488913676635
42.895749014035	0.186533060001975
42.9156187987987	0.18585826545012915
49.7100483379687	0.1767632196996655
51.5377758719227	0.1754453451446337
50.9483319508694	0.17373399395148315
51.3076047475431	0.16891664040436988
48.1970251890623	0.1691461848399427
48.3543296516422	0.16432016019711856
164.288458157225	0.08187349660468625
167.84859091816	0.08225749762578351
170.883245585302	0.08243721698664423
172.251970555136	0.08248231065565538
168.670580009747	0.08305135895449876
170.998321590627	0.08402102976050232
174.038228048952	0.08100172408030931
170.874528503523	0.08177391527189849
170.192479306511	0.08233962682895091
168.568291523323	0.08296387272256416
173.802881493953	0.08340170199719125
173.165169354397	0.08355559381024477
172.784354295315	0.08409920544663459
171.058170465001	0.08389497891604351
164.601299044689	0.08427619845225084
157.068266640994	0.08581127717995987
166.05964872468	0.08631456086139591
154.233846431765	0.08724611939496679
151.15868373371	0.08834631780956952
152.425868326528	0.08843408444854792
148.370273222799	0.08882425682559182
146.603196059667	0.08961247239259273
141.357573224168	0.37389860996167057
124.948528641015	0.30350154077865626
110.894539203784	0.24483627851943307
112.335134464386	0.2155136523637938
103.801192491396	0.18294883877689144
103.422429900467	0.17062697600853174
21.3569854452824	NA
21.9602420492634	0.07825800103193646
21.3916189956356	0.06436704064228231
21.5156343165724	0.06215431174564038
21.210879956183	0.06119417025517864
21.3695690560734	0.05907082614914855
21.2609249754697	0.05604033066419932
21.3931201842871	0.054208924896269134
24.9448416690238	0.2793475798616724
27.9976649330516	0.2414339274402641
26.1750245100196	0.2280117024421171
27.2943701852086	0.20664467219011717
23.9237166140435	0.1960744245484781
22.8758056781676	0.18781513916857898
21.3056239235918	0.1789564116390147
23.3744271882457	0.17172150693695915
24.4614761227732	0.16604978550561492
23.901126377248	0.16216688856818084
23.9293520096471	0.15501152744110708
23.3798811434034	0.1342405311507735
26.528325934579	0.13774920880793728
27.9237126375802	0.13731414040391648
25.4899435932573	0.13833060059538155
24.2165445749126	0.13696251304964277
28.1891050859689	0.13772201045208818
33.9225584252904	0.14629968360490112
31.9585831477348	0.14582180744737128
30.2873728774175	0.14048763525374308
224.507763071334	0.08493239668257296
229.702410602581	0.08486731797731391
15.9861242562908	NA
16.3863021609335	0.09526926793992066
16.8383450763407	0.10337953129538914
19.0230990996208	0.097163941143340607
21.0614732644062	0.11049799829088351
21.964743857202	0.11916593270864546
22.0563480955893	0.11958339971323881
22.3369664642388	0.12309102310196404
22.363237017482	0.11575681431583358
22.5964579067878	0.1171492532455399
22.1521203816796	0.1396450513337416
23.4619226847656	0.09664651065611975
24.639777978637	0.10545936402271155
103.586461688495	0.33804837825806955
112.333598697244	0.3336971968301825
107.32223764129	0.31152983822557856
113.30577067466	0.3055078710600848
97.663657267541	0.29465191275879044
88.367418223953507	0.2856057665617167
102.900771248264	0.2762982122739185
110.839387798585	0.2684737956659165
116.487231484338	0.27044987680099486
119.415736555679	0.27871438832448303
114.542503707208	0.2794858541665728
114.67700887236	0.2862175690093909
125.614098058959	0.2850433619236854
127.651846003202	0.2833248919927162
119.065571725448	0.27423264123802077
98.3378891907863	0.2661213904543414
104.062104558385	0.2666420556116215
106.42840497562	0.2663792232290228
101.724375493356	0.26691828851884786
103.006800379465	0.26317477357044716
313.292004013358	0.15410547146908743
298.93269785434	0.15891975815819445
307.309968440459	0.1540620099590085
324.47017567775	0.15576571564809663
337.28234091948	0.23272050267628577
346.571866080091	0.23547639079846505
361.006950446029	0.24253922674597478
396.089579195934	0.23932710354621198
397.82183344666	0.23816296324865852
387.008219978161	0.23315272206975818
370.401869686979	0.23431241346416548
363.633363305374	0.2418045058205475
335.979140626033	0.25178803086166873
351.794958962154	0.25289723790348007
340.36189779727	0.2549883943060206
326.369021996894	0.2662191341696156
309.201626409258	0.26345328114906713
290.31717648308	0.25945558896272564
277.225006482107	0.2555649867374005
80.4947990838848	0.3557941755987586
79.3127274813794	0.3404747703075281
78.2588627858486	0.31797915876730776
72.7211582640422	0.30579812150033764
70.8180462974706	0.29510729172782246
76.7089096563843	0.28996109405996867
76.8804299323554	0.2826444472740772
82.1849620273151	0.28881524667356495
85.1638905884215	0.28705860074181844
87.7370859189187	0.28661861347902884
91.5532034993226	0.2825850278164055
94.3208105338191	0.2800079926833498
91.2455974698818	0.2782246814236134
89.1296305043772	0.26938272408196606
93.0161894298791	0.2574029211844674
89.5823442665447	0.265127251737006
93.9344501712908	0.26425191949732896
93.3305535551159	0.27031062765343505
94.1964380688191	0.27706135869370746
19.184907731302	0.10166585558074573
19.0785453465806	0.09525057947935398
19.847124833636	0.09653832673782531
19.9327307793289	0.09232847580444899
19.6734235866065	0.08583671675096435
22.5529677798632	0.0825721595779403
23.4629832402393	0.07786543774843332
23.5732432858268	0.09082523753166259
23.9732968921221	0.0844394408154919
24.5182294872953	0.08291262801281549
115.117684432857	1
49.3443312695857	0.42311541176365475
47.4047571196191	0.3989254473125441
44.0127698176213	0.37557853649543815
38.8240462231139	0.33589406606708044
36.220145415663	0.30472836687164084
38.2443319264344	0.2967797301891228
38.8291655491674	0.2954738423355757
41.9948098359755	0.2946200457643715
42.2852558311019	0.2914183362240129
43.7830734398781	0.2975939659531434
43.3498087809305	0.3058514471863469
42.35353008629	0.305038081157719
42.2828882988846	0.3113765378207645
40.3619815442417	0.31901799477773934
44.2806472337644	0.3222988039935761
43.6547810113086	0.29884526741175726
43.2303143183161	0.3020749636590018
39.1741344087808	0.291505987161695
41.9238827960344	0.28849029454204556
64.7441990697591	0.1566099098736969
63.2477654503801	0.13283827548038468
63.5947133543964	0.13039386949976475
66.554872525208	0.12343933960291874
67.8812626469042	0.12196908245684422
67.3120969909783	0.11980055498092378
70.210017174151	0.10269862445210819
70.0100456345077	0.10037540768682422
73.608115684079	0.09857008752065685
74.172734312621	0.09638207452249344
72.6662080171235	0.10842525723424504
70.9354846767313	0.10791790460535187
70.0249275854178	0.10872148375362016
67.187962147804	0.10946856995597397
69.5038931354972	0.10926901692209506
71.4978746163822	0.10862363329504117
70.7407409132241	0.10806101236586614
68.4488804943657	0.10872178506693193
67.4184196417518	0.10807211706271803
57.9465099231334	0.16607183410028087
55.8647247784894	0.15420710676185126
54.6997704196329	0.1555726561498012
59.9356671811217	0.15442867019309614
58.9553106851088	0.15124026578587346
59.9707845860105	0.1443296875846012
81.7302947161758	0.34335075593064757
79.9540492774737	0.3423347892523428
88.7778580297057	0.3356752172141822
78.1184502927661	0.3277100494233937
84.4237047833678	0.3081852152721365
75.5595368472699	0.32424965062758826
86.8482890897625	0.3050866609332136
80.5922413587964	0.3175920667511249
89.785860149024	0.3084612904025997
89.5800984770793	0.31082198090646945
94.3764885323633	0.3037191622568383
89.123825920935	0.2873799011653185
93.3470406509547	0.25367418630215555
88.6147469124276	0.24541464133156576
82.0697948137997	0.23676513260983112
87.3080006941492	0.23053734139487353
86.5130534506634	0.2274557210509388
90.5769774323404	0.21896656990756114
78.5531633344276	0.2149942554675639
77.6443898136895	0.21706329613903427
13.8734286377827	0.05209709740414061
14.3181708842885	0.047090105097505906
14.1998965352307	0.046067770771466864
14.4457208434175	0.043881603682486135
60.0670396984614	0.12742861338483
61.3559251378944	0.12854617924986472
63.7428393817615	0.13289473010279604
68.2455845997884	0.1335514953186074
73.7971811334148	0.13389098967411736
79.4658780539582	0.13631971836311432
79.5953895512528	0.14468289323232905
21.1935912333822	NA
29.4073310007211	0.18939291516415516
32.2385253097096	0.17480052414319197
32.4575123747437	0.17341109840794522
32.8903260716699	0.1709452640491482
34.4759166845734	0.16964925122158697
35.5197398797875	0.16768475476340644
38.695310815005	0.163544254113138
40.1833891080393	0.16318457164049943
39.6153243711486	0.16487065302376178
41.1170200805689	0.17341409708183342
41.5664611785783	0.1764054444369617
42.6519252265453	0.17505510653930934
45.1965732797432	0.17546809770648575
45.2415059779613	0.17327971747154636
46.0620921852675	0.17162730595874784
44.7881345584216	NA
53.7571384637139	0.0989207721129259
73.7023820572623	0.08242549055450397
79.2584618763993	0.07985096877452348
89.501680944717	0.07707353731336725
83.1791269536778	0.07409865266460043
82.2622771680148	0.11375286517123573
91.3063306009731	0.11617121342611357
92.9035888621589	0.11649446153359008
94.0119266327975	0.1145410425472973
98.5705195325265	0.12005456180714157
103.769091302241	0.12264758660425747
110.175457616719	0.11978432410694553
108.661312867497	0.11503981603652351
116.454528822129	0.11861323198246915
119.351582950952	0.12133977682077578
23.3120069479384	0.0941152304131407
23.3873370210234	0.06067030538138843
23.7000662515476	0.048776872605322874
203.202677098388	0.1995428713397363
205.519206310119	0.2025258015314962
205.799805322992	0.20422168250192366
201.101618887169	0.20367828926310275
201.471574697247	0.20102594070506888
205.675105354801	0.20823941453655326
207.090080305928	0.20858659985957625
213.249713263703	0.21199861214121782
215.992225061903	0.2091204528187348
206.032999702309	0.13252533178378298
200.76149817626	0.13340253848877853
213.45649866172	0.13556002086967472
197.185797858145	0.13288751230282986
197.585776957054	0.12921770840539992
195.65682335986	0.12728903289264326
184.157389296465	0.12624205397160065
180.285442761675	0.12418575044884515
228.784087290321	0.3606108023330611
220.855677852955	0.35947339001318684
232.291564665146	0.3515446489621594
241.067091375437	0.3504512992304896
250.634499433301	0.35419384338143334
246.982586572374	0.3472405647525869
252.340183427772	0.3439745055651093
233.377160245854	0.3483178516283275
251.468243390542	0.3520236166481089
244.606533116514	0.3442337239244709
147.430974087535	NA
164.430959399872	0.18189499653072239
172.776280010463	0.13519195672800682
176.022965388874	0.13442891795318646
181.361991269802	0.13089687343104878
177.347370227549	0.13076926325747976
183.420793869561	0.12774413471885138
188.541142414018	0.11213726472170983
187.594549119049	0.11372380881176421
184.653810329287	0.11499784995443481
178.801222343337	0.11579940560823493
180.561850768991	0.11926272068906511
174.511813232083	0.11608404319483116
172.509473536511	0.11569558607886134
172.809959388336	0.11446233602045401
173.991824481875	0.11859869865041503
173.594692887232	0.12125960587153604
179.952622519314	0.11610774488990414
177.940068160438	0.11663821883879323
62.0271121439157	NA
100.537477774242	0.1972692956389045
118.931872343895	0.13671097126261914
128.579799986272	0.1298103918501584
32.4846178661287	NA
28.3179647127702	0.14783093774264172
33.5730765783434	0.13071116618827208
35.0151813582131	0.1327187063450743
35.6054851404437	0.12908148360207697
40.0462059471028	0.1273024945949492
38.7939304621431	0.11944324026480307
38.5504629792924	0.12611030643416943
42.523236978771	0.1286682053895267
38.2387385747112	0.12980920523549225
37.6217871057902	0.12924874256908256
36.5223481616331	0.1261941039806443
39.695930689463	0.12250853614336174
41.4952307056744	0.12407975836262441
40.0055491403605	0.12553692438393976
21.4835577362897	0.07296262081733976
21.3993279976176	0.07455868271453552
20.8573857159741	0.06848463831555043
22.5696874025038	0.07269315510117544
23.5571265518144	0.07162120688310684
22.794837010053	0.07286748848289627
24.2394938981043	0.07858936801231306
25.095534572437	0.07799027033657106
21.3868048100774	NA
22.4761558995454	0.08437000743890091
21.971567272264	0.07865836944438515
22.3559345519601	0.07946528326896646
21.885744032396	0.07525214379405754
22.7643649815063	0.07547416458435932
23.2282673866751	0.07914753997748321
23.4451011965279	0.07726627331984841
24.0351687264895	0.07757660084676539
24.1642022875124	0.07415251043236418
24.2540004746431	0.0753283124488465
24.5240585521746	0.07645544169855784
23.1783252556661	0.07609784078807796
23.0291269416811	0.07574672156530823
22.673488408524	0.07421606110813139
22.2279282227222	0.07394065950424071
21.9002593092909	0.07297859550284126
21.4298642238518	0.07233688502616353
21.1544173211151	0.07401862882112706
21.528114239493	0.07485357010967698
116.334789411955	0.5063277211322076
110.972375350883	0.31937831659112365
115.2668760182	0.30821471589808125
113.718658740484	0.3155803284675672
106.04471506025	0.2911839113126688
103.401068368782	0.2712357462149186
100.205894975572	0.24932359981451863
100.878676905407	0.22917132407108004
99.9473961560022	0.22469863247483585
102.493119252194	0.21850258276041096
102.830137736949	0.21404346618361125
104.132488344691	0.20881521496432218
109.2745593418	0.2098351518700166
108.873897918074	0.20890054359270963
110.438389101727	0.2061721139747139
106.324791086187	0.20224851674139926
113.597885263594	0.19797678559042597
114.149066835521	0.19260497440671287
110.513695883387	0.1880010148872995
110.475853172383	0.18473839701918165
106.612961935318	0.1836559525960879
107.316324893802	0.18255543983106798
92.3056198117174	0.1371424923587031
37.4633834665827	0.07014499298094452
37.4678452825633	0.06160709674404649
38.39755200114	0.0760457509964952
36.0776424512943	0.07931558551029654
33.3467442843677	0.0686385599258677
32.4668138200341	0.0755309475131999
32.5315978204899	0.07940486660203401
32.3056137834673	0.06955106465432657
31.5201306475312	0.08984280813608923
31.9453164552092	0.08546939600960277
32.5720529061577	0.0833160310726746
33.5682977669648	0.09243765196347778
33.5528085777172	0.0851792032917962
35.2735446905053	0.08929311089981846
35.2858153437366	0.0998591532665478
35.63675154558	0.0946567789634469
34.8300619776275	0.11420346633521293
35.8423444332451	0.10002027857216181
798.816548118373	0.28022340942204954
122.539044616676	NA
115.395696520782	0.6459533709715785
89.0508100860748	0.45612852415292193
91.388314577676	0.43675077352290903
86.3734389502012	0.3967944811005534
79.4009514245881	0.3396618755386982
70.6222010000597	0.2707047152346654
70.6400970858407	0.2416212811778791
72.7137990313741	0.2275849206172357
76.5401464503165	0.22285280026587656
79.7702032768091	0.21898761598692879
78.5637615665037	0.21431608427525006
78.8511443989254	0.20028705555224666
81.9584976588275	0.19743914608671614
82.7770909698767	0.1829477945288674
83.8183261394474	0.18437676022622904
179.918776675333	0.3319398782941608
182.602857308462	0.3360326610562267
182.595019958536	0.3312381117050693
189.842759837079	0.3282237239169591
191.19840100917	0.32027878885912064
193.175490693263	0.30328310921262613
199.350067474923	0.29089012485634763
200.248184167868	0.2839959072050925
204.99102432109	0.28334764806651247
192.772273462369	0.27283843347005393
12.3421735914467	0.038604930709393956
12.6339080471977	0.038255717987941106
12.9203675024182	0.03812067353147087
13.3029427733478	0.03679874255120492
13.8683986759348	0.03564260490342258
13.7712404464809	0.03580920169993982
13.2119590064121	0.03506296438645464
13.6540208750933	0.0360785563912113
13.5955416129691	0.03758426875876296
28.0407415614263	0.07942034271566868
26.6766691802481	0.07976714863895268
28.9405680418513	0.08705810309824345
29.4463169696811	0.08804854654249519
30.2191383989363	0.09114742312583417
31.2659096852136	0.09490372559985552
141.85079172807	0.35431679250400927
143.911149745997	0.32534258144593436
143.81172278339	0.29705900462590545
139.399610528133	0.28009496221113844
140.02392100346	0.2650867018495715
140.911316381358	0.2541938503733992
147.781707303498	0.2513397825203484
148.918927285713	0.2364593302529589
148.287397360208	0.21963918086133616
146.087827526933	0.20593313287230539
149.781746687988	0.20565925177934005
148.308654610766	0.20289888387355942
142.077160849537	0.19984310523344795
145.645915713845	0.19461735627975102
133.127098901871	0.19102078910507642
141.505697052489	0.1900866022041284
137.618011392694	0.18606455398099758
132.040158274098	0.17984037288869592
134.141996346376	0.17759441535879325
126.281806301351	0.17768198407486788
128.813776102186	0.17759383046554364
130.728080445473	0.2576451964995819
136.205233719527	0.2604205078646542
141.656216252771	0.2585309517759625
139.286831944717	0.25371747306804243
138.812773780289	0.24127706394644088
138.054683508362	0.2443813124089125
144.616760371391	0.24239812267757646
146.431355662189	0.23744567007249412
148.067224327624	0.24968905666332364
152.5751491532	0.23907985920412927
155.700284332535	0.2366891776523024
155.831978293503	0.22833120308705346
155.144607591588	0.22532546744940993
163.688043435021	0.22812191205533597
149.436500723205	0.2258482725050569
152.904968349967	0.22408249761451296
152.440676299991	0.2299710359133169
146.414075317671	0.2310545980569625
142.518255041431	0.2289061119485717
138.551093270657	0.22796249805865135
135.98192792477	0.23134830349193788
239.869846849827	NA
233.939857219358	0.3482830824655069
240.878345964386	0.2888612801579529
245.979108423174	0.2910120461032279
239.628902807055	0.29236711370606866
247.872967967613	0.2928129886894783
242.169839610674	0.28882637358887353
234.547798287241	0.2883075347737412
232.163727120942	0.28365924992170666
228.304490243943	0.27401242080621996
207.506200636083	0.2671019620482951
230.312728366179	0.26363547556623984
223.895141336499	0.2617781678487778
223.679202292278	0.26183624957552143
218.531430885114	0.26122650363591365
210.991101689205	0.2622546903691398
216.69978913278	0.2658472906213966
133.013416192622	NA
118.264356940058	NA
123.31551147617	NA
103.992940104005	NA
38.3650320721429	0.24755186282187924
39.3032673153505	0.2525039591975719
41.3209091692761	0.26875078272819275
44.5356321229013	0.27443615091467294
43.2845127027484	0.25056275500667813
42.4493721504723	0.25673624307927273
42.6122430209168	0.25578697899263836
43.3930855692113	0.23122347679803945
42.8261800542723	0.23707724471436575
43.6584466629931	0.2510395637576471
50.4668176448364	0.24326077208351696
50.5703701086051	0.2506958501192121
50.7428681111634	0.25231600495270723
49.8610372212989	0.24621497166156997
22.9642791309959	NA
34.1059054577308	0.062278509480923595
46.6539894017258	0.07530191825897715
51.2683830864856	0.06964206551494442
51.5886032563643	0.07177626750746564
48.0155951670851	0.07906323323618575
50.5050278791778	0.08077748771121082
51.1312734704737	0.07765914827793916
52.0730898056709	0.0807727538623447
56.8120752136019	0.07464339534699656
60.8551994472059	0.07140361548262791
65.0868440748568	0.07820061015382278
66.4223260579296	0.08203252799267971
67.2816829101494	0.08319912588489224
69.6296579495859	0.08473773152565772
71.084712424559	0.0872584744648519
185.185462866844	NA
208.341552500659	0.2761019831493731
208.336581946793	0.2467402551944562
230.880722570734	0.23706951489969152
267.202179980824	0.2310557497884072
310.93020570099	0.21926816831073834
328.154772853514	0.21583531384464014
364.831161928502	0.22693121530865712
394.998383246022	0.23460656094579432
439.224313186602	0.22680365607493594
458.584835490252	0.22643334505803728
523.497727798209	0.23084363967031926
581.044661664569	0.2378117686569535
615.04266989427	0.22512551312052573
594.532565874798	0.23694093240672415
47.1307372521215	0.13789095403829033
50.2072930445115	0.14017742349190102
51.8839747837594	0.13579518710936495
52.0369117884259	0.1399518778730108
50.4128831090647	0.13975580072146962
53.3434274469799	0.1451794673179025
48.8676835488642	0.14502781529676403
50.7587519589128	0.14610589066332164
52.3927633749175	0.1466473887499499
53.4933461193055	0.13531334547983942
54.9796020851253	0.13635788841811136
59.7794223291902	0.1357517377256642
63.2275208242125	0.1292889098027735
61.7459016524768	0.12489873706472349
60.4628475798127	0.12223064353027145
64.7977700398396	0.11950100676897386
67.7624744927986	0.11790352676506693
69.3599680471106	0.12006846850816434
67.5371957724577	0.11924105768577983
68.9446998231905	0.11834690096759802
72.1955638811436	0.1165873442009057
20.024637495907	NA
19.2248755785463	0.041726378419752574
21.8320769356149	0.024328139533495833
21.9677357732241	0.025079823473606308
22.091401868279	0.02695115612080613
22.5638986383076	0.02188976999466452
23.0791212883972	0.02220291186304554
23.6833465809903	0.025028908094677404
23.7990067430577	0.027646972741249765
23.8679711125846	0.030617436905343146
206.39189896573	0.806610799945786
136.10505394925	0.4542913027319622
121.802702240643	0.35841131109595287
116.356828259297	0.34586808091692905
120.837732478074	0.19865916250325694
129.712734423935	0.20427354296695513
129.979185658124	0.20070157830439675
130.049696655187	0.2018839311347368
125.95118117445	0.20390016077171147
128.501713819947	0.20488761783399953
124.919913061032	0.20710060664522936
107.183597589475	0.20788048491582875
123.929051359137	0.2141843448524884
36.4543109185687	0.1523894849085514
39.6104578851412	0.1421669821462726
39.9363157839352	0.13577707761070928
40.7746248554352	0.11685235234262085
44.0154707899096	0.11536693008369463
42.0507912090267	0.11734224945690622
37.195332274531	0.11132792877009472
35.005617784074	0.11773686539702748
34.8381298236156	0.11831923012262406
39.221185018922	0.12098447376527102
40.3283649061849	0.11703182533015859
43.1273528644752	0.12358430263407941
316.567376396066	0.15839434892477058
298.509780516568	0.15890851605033296
302.891994936861	0.159059603069141
297.389781575776	0.1566297043625319
290.777557852945	0.15372911390758112
292.181996926987	0.15328582512087283
294.486195898063	0.1525398700105813
287.922824965585	0.1520893805596608
92.4755566610018	0.15347263026079627
96.4309079987202	0.1488035941374942
94.1748090747562	0.15342082976646848
97.1412583755697	0.14477509437493924
91.0489169646062	0.13698979928811447
18.1122341019186	0.08384602306529612
18.9472185667871	0.08413752268276259
20.228541723593	0.0856542346033059
20.9176763961392	0.09032872457022786
22.6981306474424	0.09014200954015002
23.9717702721558	0.0833251440306145
25.3505626873175	0.08249743945982135
26.6668983903843	0.08266113284410936
16.3081973074613	0.10625630861768957
16.7727166512632	0.10768459841747777
17.3285939923363	0.10826489651105643
16.6327884605268	0.11009441266179275
107.680048396356	0.11386147277835135
107.931636212782	0.11951266217789741
108.896149434043	0.11631255927208739
106.532160715278	0.1117278596013569
106.232671613485	0.10611395830656609
104.581303764222	0.09849261644151404
37.982707923475	NA
40.368688319414	0.07275107360807655
39.1653043338264	0.05966607546008138
38.6068682164811	0.06063875320871472
37.9148463236544	0.06080684119576412
38.4410425034837	0.06302359941420539
40.5508958066707	0.05988444113017933
