23.6471525698974	8.703
23.0937841049607	8.628
23.1454598599412	8.704
22.7736207534425	8.231
22.1341889181833	8.222
22.06674464856	8.134
21.8657478498227	8.338
21.2221548295263	8.364
21.5269841838795	8.029
21.4175747465646	8.055
21.6030005961548	8.262
21.8241842381764	8.616
22.6356840145883	8.749
22.5169374979183	8.682
21.209177255872	8.338
22.2651566316434	8.253
22.8052543523067	7.986
23.6545232567599	7.854
24.6274728909812	8.262
24.8680145623327	7.869
24.9022761079245	6.409
26.1827231526686	6.404
25.403868492618	6.503
25.8580656417885	6.668
27.0375927825316	2.97
20.569187154672	3.079
20.3218415073184	2.991
21.530588040197	3.008
20.5167773472768	3.002
21.8068990400933	3.602
19.1585842552789	3.928
20.9207188095579	3.876
27.1800188564047	3.885
27.3605173278992	3.846
28.0626641379816	3.814
30.691251538725	3.815
30.1938765694037	3.761
33.0093361175977	3.786
33.1839212815785	3.825
32.6511522225012	3.838
31.520814921249	3.873
32.8139806736634	3.211
33.7169973737961	2.694
33.5845978173976	2.18
35.084068578321	1.764
31.8572031479021	1.431
36.6064459335502	1.829
36.904791632203	1.662
510.70374174856	9.633
459.018461611016	9.69
456.072053217861	9.817
478.485282049148	9.924
482.998683044825	9.976
485.031668093169	9.885
486.989792790188	9.784
472.981113756224	9.818
458.180246045043	9.533
424.161986696766	9.147
512.691410307612	9.114
482.967297215029	9.057
445.552032313044	8.92
433.744970625888	8.719
409.104280337405	8.396
367.989979348807	8.164
343.357163949925	8.08
353.372262804152	7.756
320.095698142268	7.746
305.14314738461	7.493
304.127908521754	7.217
316.278987685106	7.186
321.455790530489	7.248
323.279568878061	7.298
63.1572341986353	6.899
65.4123675974236	6.84
64.7826289886436	6.759
67.8941211101484	6.679
68.0248274212729	6.594
69.6230345663478	6.5
70.9624696730746	6.413
72.494248110211	6.331
72.901612869762	6.265
72.9561082931893	6.18
68.8266849876932	6.105
66.2901556933911	5.927
69.9944830454585	5.816
75.4132264029376	5.726
75.0975295631795	5.804
80.6395110269461	6.01
80.8635279181425	6.321
84.1815354594693	6.65
81.1543031019001	6.566
83.8051794055967	6.269
84.784836024113	5.941
84.1464531441128	5.431
85.4116261344396	5.041
88.0451713954118	4.746
100.102790767537	4.655
53.2884356347941	5.934
30.3516541309926	5.091
20.6334490326316	4.538
24.4581220922772	4.578
26.5929155140507	4.919
27.9364063293721	5.225
28.5956799804499	5.323
27.9067478774952	5.715
30.5347050292763	5.918
30.5834512449376	5.972
28.9498245571933	6.016
30.5419365542588	6.357
32.2837487473102	6.769
38.3384224091363	6.973
39.2672920074285	7.359
43.7854845490717	7.694
46.3132005744325	8.385
40.8924924001291	9.346
39.1895335467601	8.453
42.5814447826125	8.391
46.1780382890475	7.663
44.9644881881264	7.2
45.5904776511297	6.678
209.372722146341	10.462
210.688772749774	10.503
218.573427012746	10.751
216.155646996791	10.745
217.80669877506	10.207
228.874796549066	10.016
232.057574887788	9.437
235.576725849283	9.455
237.950274899294	9.587
239.362073894253	9.704
231.110237056458	10.353
236.246091613959	10.401
236.209413074696	10.696
237.43711838924	10.233
236.01356414335	10.515
242.095205092143	10.671
248.752318802268	10.729
252.784989235029	10.752
248.509687324318	11.009
245.602544305498	11.151
243.597743851855	11.091
236.482482561387	11.02
232.00697236875	11.16
226.408815065392	11.331
232.652787639686	11.39
146.042829153135	5.284
138.942811574647	5.258
139.36955654382	5.233
138.478114840558	5.208
144.302396618325	5.18
152.961420518894	5.151
151.704684365653	5.123
154.057925895882	5.094
153.438241270141	5.064
152.546007400443	5.034
160.415464049483	5.003
161.051613094785	4.971
169.424065849137	4.937
170.845299290349	4.904
174.110908950238	5.344
173.82807280194	5.036
171.34856377472	4.974
171.874352847993	4.906
162.077355654614	4.79
172.671837513109	4.717
167.258493285076	5.039
165.787553944119	4.468
167.138914263544	4.383
160.619375164328	4.782
162.16729867141	4.684
132.339500803788	1.191
106.244126444633	1.211
94.1311721565442	1.172
84.6023305126209	1.159
78.8020358865192	1.172
66.4308317993072	1.2
63.5271296520468	1.187
65.2367658626338	1.164
60.3783394657463	1.184
61.8153066003334	1.202
62.1306642171869	1.211
62.2798255083247	1.227
64.8782696817639	1.238
67.5008492455922	1.248
70.043516128303	1.29
68.3523867784098	1.312
62.1554452426208	1.325
66.7088657113717	1.321
58.915232094789	1.281
56.6286705569801	1.302
60.3883501633528	1.401
64.7236305023364	1.202
64.7699382644951	1.303
65.9453712951452	1.252
212.647767582898	6.668
214.099152539719	6.726
208.304601827816	6.785
220.191624228305	6.69
223.603198184465	7.279
234.857341877157	7.374
234.312550834064	7.017
237.649476477772	7.517
238.049500577469	7.62
240.421050645743	7.047
238.94969654113	7.719
228.755016336048	7.261
237.09957010143	7.256
237.223615512108	7.656
235.658884185748	7.833
232.094914231616	7.801
226.504338293127	7.749
231.432367165222	7.431
220.626856991115	7.687
234.982985571382	7.685
216.261454974825	7.23
205.927266477469	8.142
212.290156238536	8.149
200.180168490848	8.657
199.324630719833	8.324
16.7697999225493	0.903
16.6277652568671	0.903
16.4689296777058	0.91
16.298941409557	0.861
16.1510526675036	0.876
17.8324247513369	0.87
17.9294812868748	0.878
17.2999263291184	0.883
17.4824784812722	0.89
15.1465198335781	0.903
15.5311307597421	0.909
16.0371060359647	0.909
16.3368250782036	0.918
16.5108669944493	0.92
16.1654974466206	0.918
18.082724897469	0.923
18.9338693525263	0.942
18.8347146436928	0.961
19.1523934843304	0.963
19.6836665956854	0.967
19.6683797076269	0.973
19.7900191531319	0.986
20.0651627352704	1.006
20.5065471101528	1.021
8.03439510464421	0.424
8.19469462155185	0.428
8.36517940138672	0.435
8.48374486049706	0.436
8.83658062928773	0.435
8.74825548372054	0.438
8.8781534370201	0.438
9.00065454357033	0.439
8.95890749525352	0.44
9.0457396567734	0.444
9.4856154911133	0.448
9.52047408463691	0.451
9.75084628765602	0.455
9.76550454130418	0.458
9.92031698349271	0.462
10.3122021440532	0.472
10.5444979958886	0.543
10.8263143813491	0.624
11.1399476865327	0.716
11.7130387601269	0.821
11.9347805709284	0.941
12.2660514433294	1.081
12.353430858018699	1.236
12.6544513538181	1.413
109.260573743717	8.742
103.372394768421	8.632
111.494953636434	8.792
108.557825232828	8.767
118.053847233377	8.67
118.013748937852	8.752
107.898970923858	8.426
104.62587996385	8.484
96.4496480057574	8.385
98.4052045942432	8.348
104.424876520149	8.258
103.998827488723	6.858
107.32512781148	6.834
105.243513086725	6.551
111.82507924924	5.938
115.742428150651	5.789
114.681116529284	5.926
113.959128451949	5.903
101.515456311824	6.161
104.238921730135	6.366
112.630272162978	6.372
108.285400027024	6.156
100.572075981563	6.668
106.79083885638	6.325
426.277072638869	8.38
456.811175767654	8.459
469.567357060803	8.489
486.867951530196	8.452
480.709949179631	8.376
468.197668488509	8.39
513.058879524322	8.374
522.502207356684	8.539
499.259196355887	8.465
505.002410522955	8.232
494.511877203571	8.271
486.572344568059	8.28
487.324461940547	8.275
459.208859255046	8.323
491.884488132128	8.238
488.901045027182	8.161
473.398037296423	8.141
476.929172881626	8.007
435.937607317552	8.201
430.439377046068	8.135
418.081763807925	7.965
407.484675612189	8.004
439.31321199351	7.984
446.71273231565	8.008
90.2337694526418	7.976
92.7572112158871	7.985
92.348994996583	8.786
91.0391124221834	9.78
63.5839290005855	5.389
47.052663780813	5.21
41.101105360985	5.023
18.3193650813284	4.861
19.3942696407169	4.696
22.4668630483114	4.495
33.250928914827	4.404
40.601763929323	4.239
40.1205785185049	4.223
51.5659386409347	4.18
49.8811031793588	4.06
52.1283696677579	3.96
52.0115033089122	3.839
56.5471834551813	3.718
59.0975862826138	3.619
61.9879155497008	3.517
62.0741947122256	3.136
69.5400215470351	3.029
72.7344551528862	3.605
76.288652201344	2.92
84.7705584295709	2.833
80.6843836275423	2.494
79.3325038179579	2.79
97.1303956372307	3.14
185.11801751116	19.439
154.649169456993	19.639
131.871669625848	18.161
112.572136284793	17.714
104.698025539411	17.233
107.782834889606	15.42
107.961017016228	14.391
106.309765475346	14.5
104.023931210888	14.803
106.152588638615	14.608
107.122002618928	14.368
109.824318747602	13.995
113.742271337296	13.583
118.308876468979	13.146
118.981382721572	13.255
127.210807243571	13.199
125.22329419378	13.271
125.817662358167	13.198
119.873832651021	13.742
124.475332887343	12.747
132.749050090907	12.265
137.973868560131	12.092
123.699312576853	11.581
125.667646942541	10.997
26.5263304247322	9.904
26.808117296871	8.902
27.7751375332207	7.923
27.9790412457938	7.261
19.1263718376449	1.311
19.7222403059854	1.371
20.5037967315943	1.435
21.8657423436185	1.476
23.7338431534286	1.507
24.8388533731337	1.579
26.3395086701591	1.65
26.1281782134526	1.754
25.2892539966021	1.834
27.4518095053126	1.292
21.6793488348975	0.921
24.9669377749301	1.421
25.4188414358864	1.312
25.0431727072073	1.201
26.6125403023056	1.61
32.0271396628742	1.844
26.2574842018111	2.011
27.3180563146144	0.814
27.9109566369254	0.963
29.6902010510747	1.459
30.7307432494402	2.167
34.3681492051455	1.652
34.045794365615	2.274
35.6367319576173	1.703
42.4976100799232	6.937
42.234195936115	7.36
42.551579190467	7.211
43.9606525990366	6.693
44.6852881474328	7.304
46.2083718260486	7.281
47.6954794226997	7.126
48.0727984604584	6.996
48.4163202960818	6.811
47.9547490235553	6.496
48.1178640831213	6.37
48.7071307590777	6.175
48.8777346105491	5.986
50.8483118229169	5.787
51.4937685811397	6.123
52.6341496786149	6.333
54.9061811430735	5.832
57.2536860640998	6.141
54.9801050890378	5.837
59.9341416948758	5.473
60.2977938129005	5.191
62.2465507347559	5.176
64.2287252026036	5.206
65.6716817992748	4.863
60.0901894242359	9.296
62.1485119448632	9.28
63.1098588658216	9.269
63.297008395759	9.247
310.169253971577	4.335
324.018579618265	4.256
303.485099231505	4.24
274.322683254172	4.233
319.694438632005	4.171
313.943532186316	4.033
316.58575518901	3.915
308.233707989076	3.915
307.480013905685	3.747
302.71117984674	3.503
274.893741731493	3.497
263.523852340509	3.754
299.910867384421	3.953
270.585093290933	4.157
257.386396118554	4.371
359.418951370102	4.667
363.404439955225	5.031
393.979657665995	5.281
334.898536426316	5.852
352.130594391093	6.202
414.930611132794	6.458
404.963096630414	6.884
317.99814633461	7.37
366.181252133893	7.825
14.8535808269845	1.745
16.2220146743714	1.784
16.4941684754132	1.808
18.4213208179345	1.856
42.2252581958061	2.776
46.9618578471167	2.832
45.9743617423503	2.892
44.3160461122937	2.919
44.3017744762309	2.916
42.3455822219363	2.882
43.3240872237723	2.863
47.490711228686	2.907
47.9611409365861	2.833
48.7965564944853	2.774
48.4665013726594	2.78
48.3731190648306	2.765
47.4520156000242	2.785
45.9451862351345	2.84
46.491098036738	2.834
47.0447318090482	2.873
47.5588113933209	2.934
49.1633565968133	3.069
45.2297731419048	3.293
48.4375911092	3.355
46.0434589584814	3.295
51.2313177708327	3.381
53.437170956435	3.334
57.5114194839831	3.308
317.791947689989	10.481
321.323717528343	10.541
328.393601207468	10.642
336.210322686773	10.422
337.158750658398	10.982
340.23841053681	11.086
340.355170737085	10.073
335.839859788051	9.825
342.501807081919	9.664
349.09872883039	9.775
340.359600278477	9.116
337.744104591032	8.986
352.291717284598	8.919
357.073204908449	9.209
355.670094967239	9.186
348.046437200373	9.325
346.934555907909	9.107
346.159630673617	9.347
329.506230280941	9.311
329.147825531101	9.17
334.297330045946	8.78
326.838841700616	8.87
327.270671911782	8.441
333.723781433608	8.159
322.565371404152	8.018
155.338405970141	4.432
154.337350842583	6.151
149.212800803456	6.614
149.361875783668	6.984
146.314048307312	6.095
148.472564070293	5.406
150.678379536135	6.023
152.022291051684	7.037
151.577770699669	6.658
148.781770469847	6.822
156.849775974352	6.342
151.844359629263	6.878
151.355565192241	7.109
150.874616673329	7.116
149.101088338646	7.042
154.583003348965	7.171
145.860569387808	7.237
149.585611383864	7.454
148.834577462304	7.612
143.214447856008	8.08
137.257046585975	7.683
137.152630566667	8.009
141.393067688228	8
131.169794348348	8.274
126.98871520703	8.457
47.4987221943321	5.786
50.3289823193134	5.502
50.7222855863358	5.729
53.5040258255065	5.935
56.4559873990315	5.607
61.3664594175044	5.317
67.471474125517	5.638
68.9030112046545	5.987
72.1641591554007	6.348
71.7370640164945	6.72
69.6987265214945	6.58
71.3064461273381	6.436
71.2970083573339	6.32
74.9797038910396	5.66
76.4395623699914	5.066
78.6373603206725	4.516
80.6170522937506	3.798
79.0554845997622	3.198
76.2553795826881	2.67
78.7501753101534	2.444
84.7089422082014	2.39
92.5826804960728	2.342
95.2545225637248	2.443
88.1712749478726	2.542
87.024774421051	2.388
33.9068737604661	2.889
34.5674193832526	2.874
36.0537359382927	2.83
37.2274704184093	2.87
39.3489841215513	2.906
39.9694412184477	2.948
39.5550563049168	2.993
39.4546687118818	3.077
39.838427792996	3.14
40.695163366557	3.181
41.9438396477533	3.245
44.2884175397282	3.293
49.8828640011361	3.298
56.1505509791504	3.328
61.4074308956315	3.315
66.4936540799156	3.306
71.3083631645824	3.324
73.0975122336756	3.353
77.5158170976433	3.406
84.896686521682	3.41
90.4133962281523	3.422
93.2888018738272	3.478
95.742038034099	3.538
96.7037703101249	3.58
18.1949258288482	0.457
18.9870542233282	0.452
18.9835775333509	0.45
18.8257775797734	0.455
18.2528555116428	0.452
19.5841412896828	0.45
19.401837728232	0.447
18.8806174786398	0.448
21.4017828904328	0.449
20.3329796422108	0.439
19.2790236153464	0.432
20.0152902485465	0.422
18.7533233071988	0.412
24.7213875464356	0.418
24.9967084065264	0.421
24.1714014311366	0.418
25.2893628224544	0.417
24.9076231154008	0.413
22.6281054401343	0.414
23.7790359818581	0.41
26.254000294388	0.397
27.6025035564519	0.407
28.7025619864291	0.412
28.7063805060762	0.414
20.4037756120342	2.844
20.0851190426406	2.798
20.1754834323445	2.748
20.2783046540559	2.698
20.103743435042	2.699
20.0611655183235	2.718
20.0897802047706	2.716
20.1293464370568	2.735
19.8191022955628	2.737
20.0844467019588	2.729
19.8366307981545	2.772
19.7839339099355	2.791
20.0044712448792	2.824
20.0682514691248	2.864
19.711907430915	2.853
18.502197551535	2.852
17.2275976280782	2.872
16.9637385952435	2.886
17.6838153165374	2.903
17.3959980814107	2.902
16.5026482255043	2.924
16.5495337856341	2.923
16.8555254386482	2.945
17.0905792661606	2.963
16.8295327200845	1.234
16.5458137385001	1.145
16.290473703604	1.051
15.8640624380572	0.998
15.9821878836807	0.98
16.0523148554475	0.956
15.9579088670053	0.921
15.9723643888308	0.903
15.7231886652986	0.88
15.4168104155558	0.878
15.482912755787	0.826
15.5426008130106	0.839
15.6168895469876	0.858
15.7131840464648	0.87
15.7907666259562	0.892
15.8544452401121	0.955
15.8946290000963	1.016
15.9372612499163	1.065
15.8909541202657	1.116
15.92742115673	1.185
16.2768768583478	1.258
18.920862291821	1.348
19.1826268372717	1.377
19.3569114948256	1.411
17.2647660994196	2.081
16.7110248322852	2.084
16.4208332117872	2.077
14.2651298421584	1.991
15.4984652141278	1.986
14.4515324001125	1.954
13.6508525333038	1.918
13.3570088273101	1.963
12.9070860254282	1.87
12.5597251923664	1.811
13.409683609146	1.868
13.1940636849115	1.888
14.6811369422317	1.902
15.0363848344633	1.873
15.6161789172247	1.842
18.9148607775831	1.823
16.6657019663695	1.863
17.1277960925538	1.809
18.6049134573924	1.895
19.4840133753006	1.812
24.3268522147188	1.817
26.8106380170411	1.831
26.8315425772115	1.873
26.2850809336412	1.908
33.4254828492143	5.776
33.5196017994521	5.965
34.3153789214794	6.077
34.8146952234919	6.197
34.782237690454	6.277
34.9818123172936	6.344
33.5012212710929	6.451
34.4069118644776	6.402
30.6363508799444	6.194
30.3276509722289	6.196
29.7932043900542	6.172
28.8724499699823	6.158
29.0282981486097	6.128
28.926597158323	6.148
29.6449054300389	6.139
30.6439659324018	6.133
30.1364793079481	6.118
31.0764770572944	5.958
31.782312589848	5.97
31.9444317130481	5.96
31.7107007513422	5.764
31.7199639349566	5.658
33.3598844086724	5.611
33.3707669098926	5.564
5.43989445745866	1.473
5.5891415049574	1.476
5.86349188509319	1.478
5.73175919222406	1.484
11.2169259881414	2.247
12.0080807797761	2.293
12.1586836602762	2.34
12.1339611591218	2.42
26.3287564058718	1.788
32.3325728779867	1.757
32.1694574254461	1.763
31.0221394972058	1.749
30.8957943976553	1.723
30.3459301084307	1.732
30.0491640191276	1.708
29.2946310826775	1.696
31.3829697067743	1.721
33.4197950778839	1.756
33.0583026640533	1.766
34.1053244244529	1.691
35.8762539160224	1.815
41.3753844949342	2
40.8233325491145	2.089
43.3566919007142	2
45.9112570591285	2.516
46.0756862219495	2.493
45.2963340207752	2.671
45.5529160682427	2.872
45.1223394702792	2.818
45.3203402243004	2.926
45.8145804477781	2.805
45.8877010246634	2.314
59.5600530880861	5.566
52.2730820751659	5.614
43.9633622250585	5.865
45.0229864875675	5.874
44.8207908574195	5.87
48.4484254288904	5.761
49.4791824722787	5.725
46.3806995734094	5.822
47.9437225490938	5.793
50.9862090007247	5.73
49.7251547291445	5.736
46.4072275167749	5.775
46.0786947114503	5.786
45.0263757294386	5.772
42.7235824883164	5.769
42.6624993227083	5.748
40.793478469238	5.658
43.1746318209299	5.625
45.6216821413187	5.6
49.0903468283805	5.59
46.2984534979085	5.575
47.6601702261886	5.524
45.8521794057912	5.503
46.3765989400323	5.505
77.5357068175346	1.578
85.0672008172658	1.653
89.1576412369339	1.732
99.2825415750133	1.812
86.0134769600901	1.899
93.3886278959614	1.988
89.8040547807119	2.078
94.1101006235522	2.178
92.8770269907942	2.277
97.9044330676214	2.382
95.2369345630435	2.582
94.9014258831734	2.031
101.31215761691	2.111
93.5598087201569	1.998
93.4742567931688	2.179
95.4979249016103	2.663
99.0272179229838	2.9
103.061826743195	3.457
99.3442256213881	4.041
94.9707587643801	3.864
91.1992422528107	3.952
85.1935123964814	3.953
73.7224161406842	3.963
74.7410670427922	3.99
185.150185353195	3.793
179.840499723751	3.83
174.271718263386	3.856
168.99239703296	4.534
171.357553229915	5.397
176.931581569008	5.862
178.269114474151	5.813
172.931829723091	5.784
161.438367857459	5.843
170.027558197014	5.349
175.182094642592	5.55
177.371691573602	5.555
185.499214747348	5.361
189.798525320186	5.577
187.31232736887	5.398
191.107160030161	5.774
190.162794541001	5.836
184.374641474303	5.853
171.983003837304	5.203
180.488623280605	4.693
173.767106007852	4.752
172.79279408988	5.145
170.10932304359	5.514
166.974338011212	5.176
164.666966642632	5.457
183.20981026758	4.633
178.524489882774	4.626
175.665387775101	4.993
174.246162640317	4.91
175.539499415438	5.042
180.851051554447	4.768
179.04252876471	4.871
177.951313146026	4.74
173.875011803827	4.758
174.46648167281	4.72
179.312105095394	4.792
175.066908121175	4.764
174.066348614423	4.688
175.317640025092	4.833
174.150087196298	4.458
179.096845079215	4.494
169.934337465793	4.507
172.070393678655	4.633
161.757064754066	4.719
170.406083730463	4.725
165.077828417806	5.011
165.376425762182	4.433
167.996586271473	4.409
161.294874239441	4.454
162.889521428572	4.563
10.2730840924046	2.192
10.486458013499	2.194
10.5914780689134	2.198
10.489619187518	2.201
159.425739234169	4.054
152.185588529245	4.006
155.686799056937	3.846
160.50421030093	2.839
158.23760028323	2.85
177.656474273181	3.075
164.170951399659	3.018
160.987075606712	2.949
153.892976822501	3.199
149.159554830232	3.182
153.109420741461	2.973
151.063846178462	3.11
159.133323933722	3.339
153.662800050212	3.046
149.076535523442	3.121
159.147427588797	3.219
154.727246725447	3.278
149.657744273469	2.495
142.443771507617	2.694
150.046405046755	1.972
138.297875020227	2.754
132.494700143093	1.908
133.908003879913	1.913
123.325271819478	2.155
120.982381164143	2.47
26.3611068876701	1.055
28.4193324201702	1.09
27.1887377944735	1.125
30.2802205002268	1.153
31.1534383489622	1.174
31.8902809419441	1.186
34.7075674365373	1.501
35.9769815203159	1.878
36.7693218439095	2.001
38.7383688896591	2.181
37.1497242689604	2.539
38.7119205137478	2.385
36.3255510443214	2.396
32.7299054656676	2.317
34.8798839596983	2.496
35.5696409430175	2.583
35.6987398693124	2.544
35.377387722820004	2.886
34.3815777175704	2.907
35.5747696703494	2.82
35.7749603663993	3.12
37.1951425939145	2.795
34.8632289175808	2.632
34.5325320976802	2.235
40.2717940900109	7.199
40.2659314358317	7.376
39.5781405237285	7.512
37.5378645657836	7.509
38.3528485163713	7.48
36.638664667371	7.452
36.9174970870136	7.433
37.5779420308937	7.616
39.3893463212293	7.547
39.4651873054849	7.29
39.064575698578	7.451
41.0849545589443	7.083
42.9590066380931	6.648
42.9259170179953	6.294
44.0013441677203	5.871
46.2607545215466	5.575
48.197754886972	5.347
47.9893358099181	5.071
51.3579698661809	5.029
49.706401085639	4.724
50.812791708802	4.501
54.5350541328781	4.284
55.2864854291394	4.11
58.6376207004617	3.921
29.6553853222936	2.15
29.3748659510732	2.096
27.0446600881564	2.019
28.1633611928374	1.999
31.8231172907666	1.97
32.7133088320059	1.947
33.2050799028778	1.918
33.4073177366812	1.908
29.830270344903	1.796
32.1623565883189	1.683
33.3843170336002	1.738
32.1379206085915	1.699
32.0710529700911	1.657
30.6102016084349	2.258
31.3326286687949	2.178
30.9866659510172	1.973
34.1303335152495	2.127
31.2118710774057	1.851
36.051797810573	1.425
35.8830480331582	1.569
37.2869891209046	1.31
36.347399148134	1.218
38.3920454611368	1.29
40.2755447829491	1.237
26.5835278843547	6.502
26.6870636563756	6.623
27.0635707197097	6.751
25.692919367045	6.843
26.6508987272777	6.958
27.6001859839561	7.108
28.1100115592746	7.172
29.3711613287481	10.329
29.4346745083867	9.92
27.7445732936687	9.72
30.259744921632	10.22
30.5950811044415	11.191
31.1183938435861	11.089
32.8390271009325	10.559
37.1368850663653	8.921
38.434303920574	7.813
40.2933197567322	8.209
41.0555615032237	7.923
41.2185670175905	5.616
39.755430357004	5.537
40.7652121093976	5.779
40.9714625578195	11.942
38.5867675557548	15.006
37.7020139224206	14.403
19.326734579993	1.19
20.2826207090733	1.254
20.987151723341398	1.323
22.0072082678804	1.361
23.0191767614031	1.389
22.9048109644793	1.393
15.8940011891856	1.372
16.1829261420301	1.382
15.9850719836612	1.426
16.1335252714692	1.433
15.6860616570702	1.439
15.9578928949864	1.43
14.502702131507199	1.396
14.3423569043715	1.324
13.0155406676504	1.314
13.0730546605018	1.309
12.2760524360062	1.298
12.7426519333178	1.32
12.8392282994305	1.296
12.9516131532599	1.322
103.443859529096	4.871
104.811283065051	4.854
100.147542319652	4.947
105.04732811849	5.154
109.278521512612	5.235
107.280067316543	5.351
113.363852232351	5.418
118.453735726114	5.378
123.5517302427	5.157
128.817856225248	4.957
131.209362138731	4.958
133.176552378094	4.699
135.243153631183	4.645
138.645983003309	4.598
139.185857691588	4.303
136.786156156412	4.516
136.198001750271	4.622
129.763099012428	4.798
118.51538656026	4.93
117.895144405267	4.99
115.66806637044	4.99
115.403611234531	4.93
108.233213166978	4.705
106.245964094204	4.511
110.713265941696	4.35
247.623706238961	8.7
182.383649502092	8.904
155.425285090143	9.399
160.161315170881	9.792
154.804045323506	8.72
172.340826359429	8.729
170.985383933534	9.038
157.765768295197	10.842
148.035489936342	10.137
144.348653406401	9.444
151.332389070943	8.935
146.068265592887	8.113
162.072628295223	8.434
166.065044150216	10.367
164.097142297524	9.685
161.10953139084	10.013
180.729416984013	9.913
174.941992291176	9.528
155.831808717825	9.48
179.853923209182	9.108
180.481608322292	9.305
177.829629509886	9.282
196.623812408247	9.704
195.3400283468	11.006
177.785199899083	12.211
23.0746110791999	0.331
22.8392344223863	0.308
22.9428158011963	0.321
23.0088367032255	0.331
23.0704627948244	0.334
23.1071599705888	0.347
23.0649804047097	0.346
23.0808949802469	0.343
23.0554702588754	0.349
23.0899181228297	0.353
23.253711387334	0.363
23.2655690203714	0.365
23.3223473848504	0.357
23.3468450026727	0.367
23.2746596182701	0.377
23.3179750745949	0.404
23.3873370272063	0.436
23.4360668038514	0.464
23.4348549970576	0.495
23.4331118430919	0.542
23.5371689416293	0.581
23.5379338384737	0.607
23.661498108953	0.652
23.7027362167535	0.675
243.495252637213	4.021
228.347780303456	3.97
238.23793598427	3.923
253.115264828824	3.872
240.108954030253	3.82
257.204002481903	3.77
265.859775981871	3.721
267.633928673915	3.667
266.153126895798	3.618
265.241820511268	3.568
271.456419845232	3.516
284.768608823216	3.465
299.357314283464	3.629
301.778438565808	3.893
277.79511267572	4.169
300.815583945367	4.154
295.08134014668	4.233
282.281312289116	4.244
265.497569766022	4.493
288.963880716692	4.441
276.774160940675	5.205
265.810341247311	3.729
259.130566902883	2.822
263.197225492238	2.724
251.111707368599	3.202
37.1503248318348	5.269
32.5105813607458	4.57
31.3267576503434	4.728
29.2930216724938	4.912
172.332832369435	6.862
168.602568274369	6.903
170.60797559081	6.941
163.666714464831	6.983
169.747629404902	7.022
178.563829590111	6.832
172.589629180352	6.764
176.876689921546	6.919
175.700160466492	6.689
176.200540545762	6.647
180.828097445911	6.576
179.968255449839	6.675
181.872474363484	6.863
183.161496668811	6.986
182.551069115318	7.064
178.434838334105	7.173
175.365262394185	7.391
175.158362892311	7.281
166.905006979307	7.312
171.233752390483	7.608
164.125603573761	7.506
163.689500715166	7.414
163.558770034258	6.914
156.24573358112	6.99
157.529092395343	7.143
55.4008557316215	3.674
57.5145084018223	3.707
59.1540946337133	3.704
51.4901922291481	3.501
54.8130730085394	3.494
55.5936480798465	3.417
54.9193039929263	3.433
56.8700757293123	3.631
54.1709929480225	3.563
53.1819730873966	3.417
55.5964836335108	3.512
64.9879778049002	3.541
74.1198950415361	3.541
83.4673420221224	3.483
93.4942582545702	3.369
101.965264707042	3.407
110.04885910689801	3.418
117.077307136784	3.369
123.786746389354	3.563
134.06463264972	3.443
104.762770667577	3.329
89.8335846546473	3.36
125.054002696054	3.397
115.857440183062	3.464
158.300895650438	9.825
157.328409382604	9.857
158.52002641197	10.164
159.329556548303	10.186
159.180591798917	10.533
165.49678294272	10.206
160.50986784002	10.422
161.615019198016	10.448
161.487976448863	10.288
161.558274438208	10.481
161.523735346477	10.46
157.376346239576	10.443
159.291398221399	10.425
157.736792368446	10.407
157.396879034191	10.389
153.731356626659	10.372
147.150955236644	10.354
143.815762822832	10.338
134.755743040084	10.317
138.315792540383	10.303
127.49425459639	10.287
130.454649623483	10.482
128.145502469927	10.787
119.317271235628	10.492
118.778679605609	10.782
90.1021327420307	5.331
77.4460778788734	4.912
67.8815662271576	4.665
43.6149172649464	4.837
36.5441233063145	5.786
37.9752815459263	5.908
34.7012822052898	6.156
33.0436021095454	6.25
31.0798375298489	5.621
32.5197872099456	5.642
29.8644947549188	5.81
29.8275668843345	4.775
31.7184487684323	4.131
32.698344510494	4.387
33.5312731096932	3.924
35.7656394206501	3.488
39.297002197755	4.1
35.7435246180216	4.075
37.0335834389102	3.912
37.5783304629513	3.676
42.5606586426142	4.341
44.6622660669092	4.701
46.948305906648	4.307
52.4720221476693	3.978
18.1300646034801	0.47
18.2236982580859	0.47
18.5013699802898	0.457
18.6861826712259	0.456
18.9808253834006	0.457
19.1078057707959	0.456
19.4126274481453	0.461
19.9222744283121	0.462
20.149145883333	0.463
16.6867818806497	0.463
16.4423083335971	0.463
16.0397890911451	0.463
15.0428751368546	0.462
14.7418662986633	0.462
14.3516015573536	0.464
14.786445566294	0.467
14.4886105465055	0.55
14.1982656223731	0.643
14.8202829647746	0.751
15.5712245607599	0.885
16.0953277560041	1.037
16.8375671422132	1.222
17.1436014777458	1.429
16.9493048026819	1.394
6.07785430058969	0.459
5.98544455570082	0.455
6.05549351845041	0.467
6.45206994702797	0.472
5.79764151238811	0.761
5.76469382861725	0.76
5.79167901140894	0.771
5.87417255358088	0.772
47.5552264759286	2.28
72.823794347721	2.243
83.2704158940007	2.24
92.6839360564361	2.267
90.7539756130381	4.37
92.230786154209	4.321
90.5924012206834	4.358
92.5806953152265	4.324
92.9526726305658	4.397
95.4215204108241	4.591
98.6048759071361	4.615
103.112222250766	4.803
103.124351978098	4.311
108.004363870396	4.286
110.996760170226	4.041
111.818887914834	4.326
114.695443425829	3.92
116.580054098876	4.453
118.321110210268	4.405
117.88479373854	4.388
117.555119822386	4.259
118.004682661222	4.424
113.992377689342	4.339
106.977348878248	4.258
103.8645727737	4.191
103.674815946339	4.406
92.1519132455906	5.167
91.9797194457655	3.85
94.4153150809339	3.192
23.0813057969145	9.64
23.6873626722547	8.555
23.1429716016351	7.6
23.7374846515546	6.734
24.4575280159879	5.944
24.5613255269385	5.219
25.0605050627924	4.58
26.4569830003565	4.024
28.1885465209126	3.537
28.3578561789894	3.174
28.2941631519273	2.885
27.9068268019844	2.523
28.2866220727955	2.228
28.4387368322616	3.073
27.9925428300849	4.254
27.813437477480502	5.826
29.0678350007668	5.23
27.440173145245	4.717
30.4393213168819	4.234
32.2297601080939	3.824
33.5845864056834	2.491
33.4134562024185	1.621
35.3919436162383	1.372
37.8114494410791	1.142
29.9489158128026	2.818
30.8313393212127	2.763
31.1051283219528	3.034
31.1002059960347	3.278
68.1243734148261	9.885
79.7189622545073	10.033
77.7653492893646	10.176
76.8059281528839	10.325
75.0650446738184	9.658
70.9447894389202	11.063
67.8128283695966	8.829
86.8980290619983	8.98
104.874420721488	8.804
88.42748225913	8.208
91.384460843025	9.622
84.6643275891543	10.465
87.178317225327	9.524
81.4529473319215	9.596
80.2814866484953	10.473
83.9834252253919	11.224
89.2457233404281	11.253
87.0560699233683	11.037
91.2875763697384	10.757
84.5585442227538	11.144
90.4437404697471	10.711
86.5711152131095	11.19
84.4412832515298	10.079
85.5565919915525	10.479
22.7677541797687	2.123
23.0413894095237	2.15
22.9152272273839	2.133
23.097599662632	2.065
23.7665463973176	2.121
23.2632431783322	2.107
24.5053902028062	2.11
25.4385104055895	2.21
22.1910398468199	2.278
22.1035285698891	2.293
23.0581983121487	2.374
23.3346540107404	2.432
24.5501201132246	2.463
25.6616182180196	2.473
26.1260473965857	2.484
24.9581040769429	2.922
28.2018173384649	2.592
27.4575650196531	2.888
25.9498734451593	2.878
26.0306439750999	2.373
28.0380927879957	2.652
27.8870579466521	2.765
27.7983047968861	3.013
28.0904755333497	2.718
76.0060055777167	4.174
71.4923304250865	4.147
73.4092108172276	4.111
71.2644726494921	4.162
73.903672427598	4.255
77.196112500995	4.256
81.8488970323394	3.922
84.507936242019	5.311
83.8770670638033	5.679
81.6344667460273	5.624
87.8200932961885	4.704
90.2087193400735	5.238
96.5263975239745	4.751
96.459818547062	3.854
97.7401653735475	4.552
97.1915395613069	4.346
100.962490550724	4.071
98.5183616735835	4.238
95.4633519102494	4.092
94.5566570401744	3.908
92.6721425514094	4.024
87.6612233301758	3.976
86.1169457499105	4.485
82.515155519125	4.61
12.1453945463489	0.299
12.3131776964596	0.289
11.8322241114983	0.281
10.9672750772255	0.265
12.2100569557682	0.277
13.3734992437457	0.288
13.7334004680777	0.286
13.5531808932567	0.284
13.5083283620878	0.281
13.0007301840599	0.282
13.0455361932038	0.28
14.1003242075519	0.281
13.4901037421253	0.28
13.6435636795504	0.277
18.5651408803848	0.277
18.7696522873832	0.271
19.2596756615688	0.268
19.2108573723655	0.268
19.1914055148952	0.268
19.032819866841	0.26
19.3466313231673	0.27
19.6887239296495	0.283
19.5533320864899	0.283
19.538732658214	0.285
113.710244750654	4.596
104.51003966683	4.619
106.949644651177	4.634
103.819590465175	4.637
107.855223917108	4.607
110.78165306942	4.602
108.869427016838	4.571
107.818641568341	4.454
107.337517824527	4.736
105.555102230868	5.141
108.257033169402	5.057
108.570105976896	4.992
111.084489976238	5.057
111.04614831177	5.42
117.399532817975	5.819
116.655010140873	5.467
114.343029409403	5.286
113.447489644613	5.484
106.809524500958	5.555
110.61311891266	5.2
107.739817180906	5.767
102.097364706251	4.988
98.1782481242903	4.756
99.9596992294822	4.908
104.910814543184	4.721
26.5270782255954	2.923
27.1122595175538	2.91
29.0481225822842	2.92
28.6709965361071	2.911
30.8750074732077	2.868
31.4561736158179	2.825
31.9872462817779	2.814
30.9559686919568	2.701
31.8771796144669	2.662
33.8675856360338	2.667
34.1630597865746	2.649
34.8830644620056	2.681
34.5458251279925	2.688
36.1777527065416	2.679
36.3167204454032	2.661
36.6493419422597	2.634
36.0513873405152	2.585
36.2618747193855	2.17
38.4765738078277	1.856
39.777765973075	1.772
37.9559375677564	1.784
38.7784895104311	1.802
39.2226790072517	1.901
40.0642536788374	1.964
18.0185940488482	2.57
18.2577267130397	2.588
18.3178557015747	2.616
18.5988490633832	2.637
19.1793883907564	2.799
19.3608719962329	2.95
19.6937923775393	3.126
19.7825796031584	3.305
20.4300121447838	3.531
20.5273592988735	3.722
20.4740552945862	3.77
20.6941154177918	3.828
20.8207182014778	3.873
21.4658480970846	3.939
21.8871593927602	3.991
22.5726392549219	4.282
23.3665137752497	4.598
24.0556613350788	4.927
25.8587889529421	5.26
26.5716672035978	5.602
27.2558178893891	6.344
28.1417595521746	7.177
28.4196679066292	7.215
29.7082818145028	7.28
121.452555989502	4.958
119.249189908249	5.103
120.860792273736	5.386
126.215825738664	5.231
126.647059935646	5.396
133.782309805025	5.451
139.35757169548	5.385
146.143121629352	5.529
151.452783256387	5.671
154.901012659022	5.824
158.53376119187	5.97
156.34860210986199	6.121
150.226339210209	6.279
152.026304734385	6.439
149.746881960353	6.59
146.419129094872	6.746
146.078746171337	6.908
140.964724440451	7.336
134.922355850807	7.9
135.024449480027	8.154
123.023872148121	7.746
122.508482328683	8.308
120.914057789119	8.178
117.840619781495	8.414
121.118924698693	8.48
58.8444245122586	2.439
60.6816925789228	2.451
64.1201396569279	2.355
69.8787491878067	2.351
72.0232761232392	2.407
68.6703358245634	2.433
75.5090194877801	2.606
75.8782778839959	2.806
84.6081076293877	2.806
81.5451069328274	2.846
87.1547256289154	2.973
88.9606579827921	2.934
90.7392236436124	3.056
97.5299387990981	3.088
106.683335574207	3.163
110.144813137408	2.988
115.120234328451	2.877
121.843606785597	2.484
120.30834299456	2.501
119.008263174142	2.467
119.914463436797	2.529
123.189607196761	2.696
124.01761873863	2.763
131.188647387422	2.954
40.398947834055	0.99
56.99200570889	0.815
71.2129354509628	0.798
77.9701384091952	0.797
72.8399780592793	0.789
70.793617041680207	0.778
81.1859033239728	0.743
57.0952046262423	0.738
43.5574575182441	0.699
49.31768653853	0.682
53.2570305097523	0.699
49.4076654180497	0.707
44.4637043194592	0.736
44.585974924328	0.741
44.1592648695349	0.729
41.0965909158264	0.728
41.1217135897273	0.727
43.5992696341451	0.96
50.6617189859413	1.322
55.861142656829	1.717
58.9810577873694	2.187
63.2698989495046	2.851
65.3794666809295	2.852
63.2583824395401	2.865
340.2761697992	8.868
327.759215939832	9.884
348.447954584744	9.677
350.284974927744	9.046
348.70889544861	8.16
373.495432539554	7.749
362.455482217791	7.527
381.403004626941	8.565
423.340406205571	7.445
467.437330630894	6.648
446.416132801925	7.774
455.425101889549	8.452
452.355630157893	6.894
443.685690997856	7.668
443.711933698005	7.931
536.203751838907	8.906
620.443202618828	9.793
687.758570319116	10.047
711.089450920184	10.522
715.782311144109	9.151
763.278679754919	9.035
741.192194640673	10.637
764.138686813238	11.152
753.168492307307	9.662
734.862656208666	9.48
100.380173988777	8.474
111.116387448842	8.518
113.364894256404	8.579
117.707681332369	8.638
120.129823607629	8.688
120.337354265931	8.735
123.683443934791	8.784
123.875960122314	8.834
117.679920730367	9.847
124.449556178416	11.113
127.531714659273	10.91
122.915894507123	11.133
126.537672401429	10.762
121.207729412668	9.593
114.485917035895	9.085
123.736644903015	9.652
124.396247765554	10.309
134.066683754426	10.682
123.379807463052	10.432
130.436990117523	10.786
127.830377881111	10.853
131.496605285212	10.965
123.221657651111	10.675
118.716960974704	10.557
119.36044659198	11.024
113.825409640434	3.199
113.057833985393	3.215
112.415178178936	3.214
111.011576126168	3.303
120.260626924278	3.657
120.125769020633	3.401
121.727145086193	3.37
125.015642828466	3.942
126.873079832231	3.926
129.170942794809	4.914
129.523730713117	3.676
130.22065581829	3.786
135.716335597098	3.973
135.775102379474	3.978
137.648338621761	3.981
136.02075153353599	3.985
134.922833680387	3.99
132.326589687451	3.995
123.214202912354	4.003
125.754242868085	4.008
121.476018532968	4.015
116.489239820219	3.744
111.053718954692	3.803
104.145978718285	3.82
106.962466036126	3.807
51.0302291101377	4.749
53.1087896359255	4.654
52.782668433831	4.699
53.2593558661408	4.728
55.96990169265	4.805
58.2784021540602	5.041
57.7340861594984	5.209
59.3386647984846	5.374
60.3867416942821	5.349
63.1968112971292	5.404
62.9336469178486	5.406
58.5172265228881	6.156
60.4818655858356	6.274
60.8097010603383	5.719
59.799313199543	6.257
66.3022360859213	6.292
66.3435181179203	6.358
56.0454475099987	6.619
48.2802574165613	6.602
42.8900299595683	6.701
45.3157922468327	6.705
43.8551871561684	6.761
45.2048144264985	6.808
43.9554736317883	6.906
40.7324588804828	5.666
43.0717770729228	5.709
40.5826634309796	5.747
41.3838711487096	5.679
42.3028287817084	5.693
42.0983844008054	5.787
41.9901214419047	5.799
42.5394665484143	5.766
41.729771240173	5.773
42.825344578238	5.772
41.7133089954324	5.762
42.895749014035	5.701
42.9156187987987	5.681
49.7100483379687	5.603
51.5377758719227	5.598
50.9483319508694	5.533
51.3076047475431	5.437
48.1970251890623	5.362
48.3543296516422	5.402
44.0117932210168	5.448
41.6614188304379	5.445
43.67707899479	5.493
41.0276020803044	5.502
41.4490184579215	5.51
152.744765931096	4.346
155.872231353594	4.222
156.484510542024	4.1
164.288458157225	3.984
167.84859091816	3.882
170.883245585302	3.788
172.251970555136	3.688
168.670580009747	3.593
170.998321590627	3.5
174.038228048952	3.412
170.874528503523	3.316
170.192479306511	3.228
168.568291523323	3.148
173.802881493953	3.071
173.165169354397	2.995
172.784354295315	2.921
171.058170465001	2.85
164.601299044689	2.775
157.068266640994	2.695
166.05964872468	2.594
154.233846431765	2.523
151.15868373371	2.464
152.425868326528	2.299
148.370273222799	2.272
146.603196059667	2.293
193.802679518572	3.845
203.861330102265	3.85
171.301639274908	3.859
154.289359119166	3.964
141.357573224168	3.936
124.948528641015	3.954
110.894539203784	4.009
112.335134464386	4.044
103.801192491396	4.161
103.422429900467	4.282
100.380524375361	4.312
115.022099102777	4.566
124.100645452798	4.958
144.69892369143	5.234
143.68976548945	5.394
171.063648054504	5.943
181.748695987687	6.476
189.669077086638	6.462
168.19582370921	5.935
180.361106873003	5.534
198.614305948913	5.187
187.231367001208	5.083
203.461439784938	5.403
188.725833267721	5.37
21.6891116618697	1.308
21.5720425011847	1.286
21.4456242320521	1.267
21.0863919728349	1.266
21.3916189956356	1.274
21.5156343165724	1.285
21.210879956183	1.279
21.3695690560734	1.28
21.2609249754697	1.275
21.3931201842871	1.26
21.1425653208583	1.275
20.8928204717232	1.275
20.7964237144722	1.277
21.2064096181322	1.287
21.3496261797183	1.302
21.6108151002025	1.325
21.4977572841441	1.343
21.6265023592767	1.331
22.1879289110774	1.325
22.5004266108229	1.339
22.377013712186	1.347
22.0994510769438	1.361
22.6772810863523	1.376
24.2414617136378	1.387
66.7214515309489	3.394
49.2261850274872	3.309
38.932817868005	3.553
28.9670731909269	3.829
24.9448416690238	3.968
27.9976649330516	3.822
26.1750245100196	3.88
27.2943701852086	4.054
23.9237166140435	4.015
22.8758056781676	3.886
21.3056239235918	3.884
23.3744271882457	3.96
24.4614761227732	0.87
23.901126377248	1.24
23.9293520096471	1.91
23.3798811434034	2.35
26.528325934579	2.155
27.9237126375802	1.928
25.4899435932573	1.77
24.2165445749126	1.57
28.1891050859689	1.5
33.9225584252904	1.43
31.9585831477348	1.12
30.2873728774175	0.94
14.2016086770151	0.538
14.3664231954707	0.565
14.228466261523	0.567
15.4436408884999	0.544
15.1606936657231	0.535
14.8100617822773	0.533
14.6330626108078	0.728
16.2897192080147	0.722
16.4568641167146	0.687
13.9163479946779	0.683
13.8942139234559	0.654
13.7095134329299	0.633
13.7011291140592	0.616
13.5767581468619	0.586
18.1495649007304	0.563
18.5584034952346	0.586
19.0182135734236	0.605
19.4179763361662	0.776
19.674339671079	1.002
20.5085488575515	0.931
99.6309114283609	2.907
109.164152711803	2.829
120.880795404012	2.752
126.918977365474	2.717
137.458170615672	2.596
147.704225448034	2.665
159.063135893719	2.522
144.471187831252	2.565
158.332432395516	2.368
170.640203845344	2.201
171.923361111253	2.421
177.66585784668	2.558
180.304009845863	2.66
184.456495539937	2.619
185.777487435337	2.6
187.800047916768	2.57
194.183273014932	2.54
196.895904519783	2.32
197.732754630142	2.33
214.300843607888	2.36
221.464460916106	2.12
222.801393339911	1.88
222.096150713339	1.62
224.507763071334	1.56
229.702410602581	1.37
58.534240966384	6.33
388.703081215684	6.213
377.435764614061	6.03
362.791052174768	6.092
386.929144212846	6.392
389.599725572861	6.17
386.231485878792	6.014
400.694909776177	6.038
405.526331497373	6.134
427.239780639152	6.221
447.680384974982	6.199
487.754964565021	6.138
455.715493056767	6.133
442.211481706427	6.267
455.683376785811	6.071
469.224825549983	6.221
451.943504528126	6.038
430.996574657194	5.858
468.041440151946	5.805
417.822183524591	5.808
387.357838504673	5.865
37.711021214076	11.122
36.4102385466213	10.661
48.3324866608751	10.475
50.371527790075	10.378
55.3774673733798	10.33
56.9721247444692	10.332
63.1468940213156	10.498
61.5414193411002	10.128
63.3612295002104	10.306
56.5199081499729	10.718
58.2426109162847	10.543
55.3832110938132	10.731
52.9777684025346	10.948
51.4996786596118	11.209
47.9850775120044	11.823
45.2276222192314	12.411
40.1623375541798	12.844
50.7761224161402	12.731
60.8899286948473	12.648
56.9729082413349	12.712
54.1318582356896	12.723
57.2644160239458	12.705
53.1127390976865	12.663
53.1558466331844	12.722
107.437604813629	2.721
104.531276235781	2.731
106.06964677327	2.756
116.9819943884	2.767
121.383501876057	2.78
126.568056175502	2.785
126.600849150511	2.776
126.204169058652	2.853
122.752439829181	2.81
126.737903965908	2.73
128.48725243956	2.747
131.430993982741	2.619
133.036185612025	2.542
134.582068476477	2.48
131.383667700164	2.418
130.855290558139	2.386
120.138347627	2.4
126.04905615921	2.355
134.78082621581	2.441
143.461863352161	2.403
94.7812101250664	2.859
117.942780653352	2.521
131.667274715084	2.543
120.648846901848	2.587
34.1049609480685	7.549
34.5693875006834	7.675
33.1825076231716	7.744
35.0244845163898	8.191
16.4258290186391	8.439
16.6194252189322	8.38
17.2054734436893	8.224
16.5161231235195	8.104
16.8383450763407	8.03
18.3747862737597	7.908
18.842411220465	7.782
19.0230990996208	7.705
20.0162876877929	7.556
21.6217412579736	7.407
20.8768106447477	7.279
21.0614732644062	7.661
21.964743857202	6.024
22.0563480955893	7.114
22.3369664642388	8.127
22.363237017482	9.302
22.5964579067878	8.85
22.1521203816796	8.422
21.8771398750452	8.375
23.1853188068788	8.399
24.5210022032722	6.948
26.1264976226928	5.765
23.4619226847656	4.784
24.639777978637	4.608
195.720344607603	9.46
127.756482900616	9.684
106.56316137007	9.703
96.0209222062315	9.885
103.586461688495	9.902
112.333598697244	9.914
107.32223764129	9.921
113.30577067466	9.307
97.663657267541	9.345
88.367418223953507	9.399
102.900771248264	9.416
110.839387798585	9.453
116.487231484338	9.428
119.415736555679	9.389
114.542503707208	9.369
114.67700887236	9.342
125.614098058959	9.317
127.651846003202	9.283
119.065571725448	9.004
98.3378891907863	9.146
104.062104558385	9.23
106.42840497562	8.92
101.724375493356	8.9
103.006800379465	8.869
394.665400865581	7.911
390.841210824567	7.763
391.044714270298	7.605
372.468296800719	6.092
325.666349437522	5.747
325.907992654068	4.812
313.292004013358	4.228
298.93269785434	4.255
307.309968440459	4.846
324.47017567775	4.897
337.28234091948	4.42
346.571866080091	4.629
361.006950446029	5.435
396.089579195934	5.429
397.82183344666	5.308
387.008219978161	4.971
370.401869686979	4.182
363.633363305374	4.027
335.979140626033	3.517
351.794958962154	3.573
340.36189779727	4.303
326.369021996894	2.787
309.201626409258	2.44
290.31717648308	2.781
277.225006482107	2.087
119.938200174843	7.594
100.835274651594	7.875
89.2479050841522	8.047
82.3528206955749	8.211
80.4947990838848	8.305
80.0927928112576	8.393
79.3127274813794	7.403
78.2588627858486	7.56
72.7211582640422	8.633
70.8180462974706	9.884
76.7089096563843	10.215
76.8804299323554	9.485
82.1849620273151	8.726
85.1638905884215	9.767
87.7370859189187	9.607
91.5532034993226	8.647
94.3208105338191	8.207
91.2455974698818	9.046
89.1296305043772	9.33
93.0161894298791	10.015
89.5823442665447	10.172
93.9344501712908	9.173
93.3305535551159	9.942
94.1964380688191	9.975
16.3260504757907	0.711
16.8656181495921	0.738
17.1439651845675	0.745
17.8996671126909	0.727
17.5395071187158	0.742
18.0613664277099	0.716
18.316631364764	0.732
18.412380976707	0.726
19.184907731302	0.741
19.0785453465806	0.752
19.847124833636	0.751
19.9327307793289	0.75
19.6734235866065	0.739
22.5529677798632	0.74
23.4629832402393	0.8
23.5732432858268	1.11
23.9732968921221	0.93
24.5182294872953	0.93
24.4073924635302	1
25.1670167933313	0.9
26.5620838312633	0.701
26.5642221740077	0.709
26.3323561777402	0.699
26.298875268243	0.706
96.3191071825486	3.613
80.3974040014137	3.294
72.0263979304351	3.298
60.8067670863413	3.416
56.8063517435562	3.356
49.3443312695857	3.427
47.4047571196191	3.441
44.0127698176213	3.577
38.8240462231139	3.682
36.220145415663	3.365
38.2443319264344	3.687
38.8291655491674	4.034
41.9948098359755	4.773
42.2852558311019	5.177
43.7830734398781	5.718
43.3498087809305	7.094
42.35353008629	6.659
42.2828882988846	6.883
40.3619815442417	7.195
44.2806472337644	7.287
43.6547810113086	7.443
43.2303143183161	7.962
39.1741344087808	7.913
41.9238827960344	7.426
36.6836576101171	6.46
32.5309063561748	6.838
39.8760958423906	7.126
40.4062725853801	7.49
66.6324700845435	3.653
66.0123567186828	3.651
65.9511269225071	3.7
66.2744990596038	3.69
63.2477654503801	3.641
63.5947133543964	3.96
65.7747092944717	3.639
66.5538196626813	3.677
67.4293538790834	3.182
66.554872525208	3.882
67.8812626469042	3.789
67.3120969909783	3.472
70.210017174151	3.342
70.0100456345077	3.235
73.608115684079	3.267
74.172734312621	3.239
72.6662080171235	3.261
70.9354846767313	3.264
70.0249275854178	3.349
67.187962147804	3.35
69.5038931354972	3.341
71.4978746163822	3.348
70.7407409132241	3.418
68.4488804943657	3.159
67.4184196417518	3.12
54.0438603862873	5.676
59.9206031865863	5.511
61.5728196061301	5.7
55.3155842578861	5.742
55.8279546160449	5.476
65.2339022111541	5.426
59.3113616048122	5.377
63.173257735315	5.342
59.1051937872771	5.328
57.9465099231334	5.278
55.8647247784894	5.263
54.6997704196329	5.217
59.9356671811217	5.108
58.9553106851088	5.089
59.9707845860105	4.89
62.5646681803108	4.877
64.3811019806772	4.768
64.2296765954912	5.404
60.0249083431482	5.78
61.2751841328501	5.415
66.1121882508488	5.889
62.8281028679597	5.306
57.5191250558535	5.227
55.9099583047	4.129
80.3656484172279	6.786
78.7142614350485	6.881
98.8931152520342	6.969
89.1513103330719	7.053
81.7302947161758	7.141
79.9540492774737	7.227
88.7778580297057	7.31
78.1184502927661	7.39
84.4237047833678	7.468
75.5595368472699	7.534
86.8482890897625	8.367
80.5922413587964	9.169
89.785860149024	10.423
89.5800984770793	9.827
94.3764885323633	9.67
89.123825920935	9.423
93.3470406509547	8.505
88.6147469124276	8.292
82.0697948137997	8.883
87.3080006941492	9.433
86.5130534506634	8.79
90.5769774323404	9.525
78.5531633344276	9.854
77.6443898136895	10.177
13.5522629679689	0.277
13.7473968146765	0.288
13.5409048309516	0.295
14.0747276717734	0.305
14.3181708842885	0.318
14.1998965352307	0.327
14.2887429897603	0.337
14.4457208434175	0.346
14.3443875196686	0.362
14.564962734937	0.387
14.1824496252631	0.405
14.4432249278775	0.426
15.2921632726522	0.455
15.8550448126666	0.479
15.7973236381214	0.503
15.8856962923643	0.529
16.2815820638453	0.548
15.7272061349931	0.571
14.9841653428731	0.592
14.6576753333228	0.606
14.8177252154649	0.619
15.8061864260002	0.635
16.4695703185099	0.652
18.5195659188614	0.666
76.156820019801	5.399
83.1731401994447	5.054
83.7769827827441	4.659
89.6380366532862	4.503
71.9841647505989	5.135
82.533902147509	5.512
79.068970765726	5.193
74.7258840586568	5.455
69.2253219303483	4.818
67.4604038773861	4.598
75.082701924206	4.408
65.3829399364282	4.226
60.8426257706843	4.246
52.6484325077569	4.288
52.1529974866062	4.33
44.0794001922511	4.374
42.9078015788632	4.55
42.8860634260347	4.704
42.5951469732923	4.816
44.9098675958559	5.054
44.8405603703744	5.08
47.3638155290464	5.108
45.8847228760712	5.003
46.6700987327678	4.856
52.6984888735053	4.741
58.8196758847135	4.629
60.684916782006	4.575
60.0670396984614	4.628
61.3559251378944	5.01
63.7428393817615	5.696
68.2455845997884	5.565
73.7971811334148	5.559
79.4658780539582	6.429
79.5953895512528	5.936
21.572739511784	0.179
21.1595555442595	0.172
20.7885279114376	0.175
20.2834487211522	0.18
20.0496432960359	0.179
19.8491470300536	0.201
19.8881192784593	0.213
19.6339321327233	0.226
19.5390783429128	0.235
20.0113579301684	0.239
20.3961465814781	0.252
20.1149392722856	0.259
20.5184661500377	0.262
20.6666675129611	0.269
20.3984380252963	0.278
20.4197279795542	0.286
20.6699692705991	0.293
20.5253087563789	0.298
20.6813478449897	0.303
20.7777289023181	0.31
20.9904146526482	0.317
20.829710673634	0.325
20.9619792396828	0.334
21.5898697681185	0.341
29.6183312468448	2.812
30.5965812406946	2.882
31.4780979957334	2.943
30.5897552214672	3.013
32.2385253097096	3.061
32.4575123747437	3.163
32.8903260716699	3.284
34.4759166845734	3.396
35.5197398797875	3.531
38.695310815005	3.649
40.1833891080393	3.056
39.6153243711486	3.145
41.1170200805689	3.454
41.5664611785783	3.691
42.6519252265453	3.22
45.1965732797432	3.33
45.2415059779613	3.385
46.0620921852675	3.226
44.9028819427075	3.296
47.1623116090981	3.505
47.1647146053082	3.558
47.762186182667	3.244
48.8903452500875	4.43
49.5893858703252	4.738
63.954491278775	6.239
68.4943030300031	6.165
72.0662473049088	6.189
70.019041015685	6.081
73.7023820572623	5.978
79.2584618763993	5.878
89.501680944717	5.786
83.1791269536778	5.624
82.2622771680148	5.534
91.3063306009731	5.444
92.9035888621589	5.497
94.0119266327975	6.121
98.5705195325265	5.945
103.769091302241	6.358
110.175457616719	5.716
108.661312867497	5.96
116.454528822129	5.392
119.351582950952	5.172
111.568169811812	5.558
111.973846425992	5.39
114.871223000184	5.609
115.201218004152	5.339
127.808291263705	5.131
128.805048776402	4.799
22.7537661926983	1.928
23.4590630577467	1.926
24.4816401676268	1.953
25.6126133343727	1.92
27.2106979769066	1.937
28.4508712253379	1.939
28.4857618563851	1.923
29.0749879902238	1.901
28.5122899763767	1.902
26.8466410433303	1.864
30.8131582949384	2.056
28.3658251154042	2.271
29.0461490705886	2.572
29.8975572405496	2.818
31.690037904233	2.949
31.2607046970453	2.989
31.572392645945	3.103
32.8782720865681	3.216
32.8665731285316	3.458
33.4559781075137	3.627
33.8913042199083	3.496
34.4549207944797	3.326
35.6132871993926	2.925
36.3120698386633	3.145
8.4845363067648	0.553
8.44552705118658	0.547
8.45028048656316	0.544
8.48534609469141	0.548
8.52680293410278	0.548
8.38323144841307	0.544
8.31857765596708	0.548
8.35897671861373	0.549
8.40253566018406	0.553
8.51228822161866	0.554
8.72346644782325	0.556
7.79123589032023	0.56
8.41162576454196	0.569
9.54482661012874	0.578
9.33714235484248	0.588
32.8946884655431	1.023
33.3018800176469	1.022
33.0280990734994	1.01
31.5731356618107	1.01
31.6383308150642	0.982
32.1202993228297	0.98
32.3661308570153	0.985
31.8409363724819	1.007
32.136256664926	1.007
32.5162236637052	1.011
33.2199823575789	1.006
33.4110502703472	1.007
34.332562453494	1.036
34.4048638764502	1.094
34.8075923220785	1.112
34.2455562346803	1.138
34.5066998544578	1.152
34.593408596687	1.161
33.2772913881985	1.183
34.7231059890927	1.186
35.6649906033851	1.197
36.4934115946283	1.18
35.7192640532579	1.174
35.0281061371932	1.194
24.076883455894	2.118
24.2397759910342	2.103
23.4434886893285	2.089
23.2242590455102	2.048
23.3873370210234	2.051
23.3708870388061	2.048
23.9388781085124	2.103
23.7000662515476	2.138
23.6586927910098	2.226
23.841557880897	2.229
23.7129548966953	2.264
24.1620915717834	2.278
24.3598955723322	2.315
25.0305315601279	2.275
25.0842504424177	2.403
24.581479216941	2.555
24.6405197463244	2.4
24.5835692219681	2.265
24.4156937323051	2.116
24.3075069437798	1.956
24.7486094941536	1.801
26.0593500853947	1.721
27.3601250243009	1.88
28.019901595987	2.019
195.805463129935	7.591
191.56871061944	7.484
191.905416084558	7.821
191.956194037153	8.417
203.202677098388	8.469
213.023914889706	8.414
205.519206310119	8.019
205.799805322992	7.985
201.101618887169	8.02
201.471574697247	8.375
205.675105354801	8.608
207.090080305928	8.362
213.249713263703	8.363
215.992225061903	6.988
211.955405813144	6.5
209.260969203081	6.983
208.582114914602	7.093
206.032999702309	7.196
200.76149817626	7.254
213.45649866172	7.304
197.185797858145	7.507
197.585776957054	7.051
195.65682335986	6.998
184.157389296465	6.937
180.285442761675	6.236
216.797032859954	13.797
219.08053091902	13.638
231.639875398909	13.476
225.595034743399	13.303
228.784087290321	13.121
220.855677852955	12.919
232.291564665146	12.779
241.067091375437	12.976
250.634499433301	12.895
246.982586572374	9.631
252.340183427772	8.061
233.377160245854	8.905
251.468243390542	8.803
244.606533116514	8.529
246.004488177776	7.661
247.304809632128	7.186
248.49567481208	6.712
285.77878219416	6.902
274.533439470022	6.929
293.393784994805	6.732
239.59790684529	6.779
250.334675956982	6.882
271.68106176512	6.974
237.335230375441	7.504
246.629171820024	7.781
15.9512313823656	0.124
15.9124082842754	0.125
15.8965929414524	0.126
16.0039468993032	0.127
16.0803064886457	0.128
16.0829747182034	0.128
16.209761884647	0.129
16.2745683013875	0.13
16.7337170091093	0.13
17.2350623421395	0.155
17.4575384870715	0.185
17.394319966115	0.216
17.5910929527225	0.256
17.6042324486806	0.304
17.9070167053557	0.361
17.7224345363211	0.43
17.8278316115059	0.51
18.1817701102857	0.607
18.5035623263376	0.611
18.881861864997	0.612
19.41939636605	0.612
18.7274535711435	0.623
20.52735139047	0.632
21.2458855743295	0.644
160.639747319835	12.805
162.509686812164	12.842
169.183199794353	13.457
172.839499271492	12.556
172.776280010463	12.347
176.022965388874	11.541
181.361991269802	11.471
177.347370227549	11.889
183.420793869561	12.305
188.541142414018	12.977
187.594549119049	13.302
184.653810329287	12.624
178.801222343337	12.427
180.561850768991	12.046
174.511813232083	12.241
172.509473536511	12.692
172.809959388336	13.059
173.991824481875	13.73
173.594692887232	13.715
179.952622519314	13.721
177.940068160438	13.717
185.50913964306	13.72
185.613651484418	13.719
193.969930521906	13.719
189.148120842761	13.709
132.165744793793	4.97
118.266821930654	4.813
122.940878662743	4.699
120.751309265011	4.435
118.931872343895	4.21
120.449127688298	3.981
128.579799986272	3.811
129.354963373798	3.736
133.779579386482	3.452
142.782802743653	3.173
143.123925427752	3.21
147.819374147558	3.223
153.976142253565	3.217
153.843802316538	3.191
168.200861118597	3.061
253.386349945251	3.014
281.912080924831	3.018
241.292595917185	2.918
233.296867394693	2.975
260.731997316227	2.88
286.552661639261	2.732
286.403100386942	2.655
274.788752185679	2.583
255.964580138069	2.526
19.6819978966258	1.738
20.2782340833644	1.745
20.6624733524122	1.791
20.8869428632066	1.8
21.1657950656763	1.804
21.580308997495	1.821
21.5347659495403	1.817
21.4046971894963	1.805
21.9013375276683	1.823
21.8993855815031	1.835
21.7299504987722	1.874
21.4888040133028	1.929
21.8792979505876	1.929
22.7757618008558	1.944
23.039576830687	1.944
23.4017626918705	2.187
24.0084516114545	2.214
23.1957812588965	2.337
23.0471238410931	2.263
22.8955033405771	2.166
22.6178266471302	2.038
22.4277236211961	2.255
22.4847205392209	2.487
22.3254730301019	1.716
29.8749226358814	5.076
33.0007900926659	5.191
32.8131839943767	5.223
33.7550119575363	5.312
33.5730765783434	5.329
35.0151813582131	5.394
35.6054851404437	5.509
40.0462059471028	5.565
38.7939304621431	5.59
38.5504629792924	5.676
42.523236978771	5.803
38.2387385747112	5.565
37.6217871057902	5.334
36.5223481616331	5.703
39.695930689463	5.31
41.4952307056744	5.523
40.0055491403605	5.532
39.440520476229	5.86
42.5046919127815	5.47
44.5338751245289	5.489
47.2885909473609	5.29
47.9481309560502	5.67
46.4139839698397	6.249
48.2683164611781	5.759
20.8071392423536	0.664
19.9855682817793	0.66
20.7882448836181	0.648
21.0835081253675	0.637
21.9599683046437	0.64
22.168430263193	0.641
21.2210278471518	0.643
21.8301581284587	0.648
22.73478377639	0.65
22.3949067116732	0.65
21.4835577362897	0.653
21.3993279976176	0.654
20.8573857159741	0.627
22.5696874025038	0.585
23.5571265518144	0.72
22.794837010053	0.49
24.2394938981043	0.511
25.095534572437	0.69
25.9760176378713	0.79
29.9802423155549	0.705
30.2394226949641	0.776
32.0689595169397	0.729
31.700526005914	0.56
36.1411759412625	0.621
21.971567272264	8.683
22.3559345519601	8.811
21.885744032396	8.977
22.7643649815063	9.06
23.2282673866751	9.263
23.4451011965279	9.512
24.0351687264895	9.848
24.1642022875124	10.304
24.2540004746431	10.509
24.5240585521746	10.747
23.1783252556661	11.042
23.0291269416811	11.237
22.673488408524	11.502
22.2279282227222	11.681
21.9002593092909	11.99
21.4298642238518	12.295
21.1544173211151	12.354
21.528114239493	13.304
20.3567075802914	14.1
21.0557798877904	14.454
20.8719259555961	14.665
21.6855109314674	15.553
22.0250818598302	16.853
22.9142660692282	16.732
113.630983483214	5.898
110.622595447714	6.005
112.945160290722	6.037
107.566121460792	6.134
110.972375350883	6.153
115.2668760182	6.217
113.718658740484	6.543
106.04471506025	6.485
103.401068368782	6.213
100.205894975572	6.127
100.878676905407	6.147
99.9473961560022	6.293
102.493119252194	6.065
102.830137736949	6.218
104.132488344691	6.148
109.2745593418	6.373
108.873897918074	6.391
110.438389101727	6.312
106.324791086187	6.571
113.597885263594	6.68
114.149066835521	6.137
110.513695883387	6.275
110.475853172383	6.368
106.612961935318	6.302
107.316324893802	6.253
67.4633504501271	0.914
58.4733173947662	0.946
53.2385900788774	0.951
48.2823776288993	0.957
45.1592659634689	0.97
39.6558714646638	0.975
37.575539463204	0.989
34.9811172309708	0.987
36.9624151053365	0.982
39.0589924641465	0.991
39.9226950488251	0.987
38.1544586120888	0.99
38.6758126600513	0.995
39.2166625487938	0.993
40.4259765242062	0.99
40.5639862816266	0.993
34.7425307284542	0.994
37.7955289708666	0.979
37.1950836922878	0.985
35.3001686738631	0.981
26.8099992916658	0.976
27.1216436348375	0.976
21.2754527624405	0.977
22.9582471443332	0.984
74.3708151584372	12.027
79.0001351445349	11.838
77.8515324260224	9.492
79.5783668422462	9.651
87.3793728314611	9.45
86.2412528413679	8.961
90.2878245733988	8.046
96.8435009932345	7.544
103.141595952815	7.481
103.124983040611	7.115
103.172304513933	7.019
106.783903387848	7.539
103.571629997776	8.656
106.176620975704	9.222
108.522060744284	9.365
103.134473471007	7.878
103.641150865181	6.861
100.913240967024	6.34
99.5213513847914	6.69
96.1134224985742	6.059
93.6579656592814	6.265
88.4257125994018	6.484
89.2149007168421	7.046
88.2373373150758	7.287
92.3056198117174	6.555
33.6984495275379	2.814
32.8129026811378	2.886
33.2041705250801	2.905
35.2263014130703	2.951
37.4633834665827	2.941
37.4678452825633	2.967
39.6460425616082	3.065
38.39755200114	3.111
36.0776424512943	3.111
33.3467442843677	3.169
33.287098026633	3.201
32.4668138200341	2.871
32.5315978204899	3.439
32.3056137834673	3.034
31.5201306475312	3.345
31.9453164552092	3.703
32.5720529061577	3.47
33.5682977669648	3.676
33.5528085777172	3.052
35.2735446905053	2.595
35.2858153437366	3.431
35.63675154558	3.367
34.8300619776275	4.842
35.8423444332451	4.615
623.476768102291	2.484
641.258654731082	2.491
657.231641831856	2.513
652.477272722807	2.516
667.553503436148	2.513
695.882979601953	2.512
798.816548118373	2.495
813.147227878801	2.465
833.671704998839	2.375
774.762944741908	2.27
824.584916968209	2.215
894.853425317357	2.35
870.894506309031	2.482
929.192079637595	2.63
809.282560008038	2.832
805.068106577172	3.09
763.697283390861	2.976
665.914260619234	3.003
616.13912912026	3.086
626.489376320439	2.96
646.593716993203	2.845
729.230826934186	2.75
725.954775113282	2.664
753.44534526201	2.437
96.4976220894443	2.605
89.0098143685374	2.637
86.9479305121023	2.607
82.2991518568262	2.547
89.0508100860748	2.522
91.388314577676	2.919
86.3734389502012	2.977
79.4009514245881	2.678
70.6222010000597	2.205
70.6400970858407	2.239
72.7137990313741	2.303
76.5401464503165	2.424
79.7702032768091	2.538
78.5637615665037	3.001
78.8511443989254	3.06
81.9584976588275	3.053
82.7770909698767	2.833
83.8183261394474	2.603
74.7564051325887	2.323
75.4916733698069	2.077
77.460243002556	2.144
75.9788046258773	2.256
69.8772463183885	2.167
69.6963040911967	2.053
248.451326925752	4.045
227.095257458468	4.652
214.815447205715	4.573
188.48195569953	4.685
182.699190487208	4.917
181.104810338415	4.906
173.446092299477	5.06
169.753886138413	4.409
176.254311203362	3.558
179.918776675333	3.53
182.602857308462	3.44
182.595019958536	3.509
189.842759837079	5.366
191.19840100917	5.416
193.175490693263	5.596
199.350067474923	5.363
200.248184167868	5.534
204.99102432109	5.594
192.772273462369	5.777
204.819988842934	6.435
214.465815864584	6.746
219.388819987635	6.625
215.688414668417	6.915
210.004674704819	6.926
171.602562302543	3.359
189.414511247051	3.344
191.283391215193	3.357
196.205872583828	3.356
192.881805941011	3.35
202.034291302581	3.338
189.158275943632	3.344
197.611871542945	3.372
197.090599485089	3.349
201.328864505874	3.329
201.409435661736	3.334
216.667770399543	3.323
212.938317099471	3.316
219.88780958933	3.309
218.492328845936	3.289
235.133136704748	3.279
236.332745163236	3.512
256.219499707135	3.716
265.051585814929	3.623
286.267277255594	3.427
266.878033454191	3.241
290.765091691489	3.254
270.795693337107	3.033
292.186559057812	3.531
19.7797218438283	1.601
19.2479312908561	1.612
18.2815716079112	1.626
20.1504692697375	1.677
19.694157022958102	1.668
19.6025326690892	1.63
19.4809664003928	1.637
19.2042878818044	1.677
20.4891322852914	1.712
19.0768643738687	1.736
19.369108129986	1.75
20.2698676094892	1.751
19.3203526826322	1.782
18.8572812113472	1.821
18.6994632278514	1.845
19.3847416258815	1.895
18.4007978924583	1.881
18.2102872052193	1.894
18.2986376339805	1.969
18.2081521790317	2.02
17.7608629759105	2.053
18.9547380386819	2.147
18.9589463437787	2.159
19.0027885120276	2.138
12.0913579744635	1.308
12.3783781978845	1.304
12.0794265841681	1.296
11.7700520713925	1.272
12.0408778817128	1.277
12.0279228154267	1.277
12.3421735914467	1.285
12.6339080471977	1.3
12.9203675024182	1.32
13.3029427733478	1.33
13.8683986759348	1.332
13.7712404464809	1.345
13.2119590064121	1.352
13.6540208750933	1.375
13.5955416129691	1.386
13.3511861913145	1.403
13.8134308855576	1.419
13.9882702181671	1.416
15.8161417914425	1.403
15.7085771533647	1.406
16.0883234597895	1.417
15.630338565204	1.42
14.3318563116308	1.427
14.7463515055754	1.441
177.535624848526	11.694
195.182146204088	12.929
232.811572603405	13.507
273.543822167358	13.938
226.91934857549	14.792
227.444132154766	15.694
246.65899956102	15.25
215.881857737739	15.49
195.12554007225	15.013
197.103064430098	15.086
218.504307281581	15.212
215.159001858958	15.291
263.338798395125	15.546
311.650857203357	15.266
214.739560414612	15.514
223.466205559154	15.756
198.88155241168	16.021
216.337636632883	16.827
181.320939712104	16.905
212.673570216907	17.698
215.292447223338	18.444
208.139662444733	17.569
207.389203896492	17.587
217.496065714785	16.836
8.35219124813606	2.376
8.22395348139829	2.479
8.19110576251277	2.535
8.50114564697129	2.535
24.3291892259446	2.067
24.9578413897658	2.086
25.7993872280189	2.041
26.8345712711951	2.028
28.0407415614263	2.04
26.6766691802481	1.967
28.9405680418513	2.377
29.4463169696811	2.239
30.2191383989363	2.155
31.2659096852136	1.607
32.3749172942891	1.418
32.7717961523832	1.158
33.9108800512032	1.443
33.5087343719193	1.213
34.2394537831886	1.737
35.6593666823503	1.806
33.766159046606	1.707
33.7665617479278	1.855
31.6991656981994	1.908
31.8315667127881	1.904
31.9846933760846	1.889
31.4147452734836	1.922
29.7084210953625	1.973
30.097911596985	1.59
95.2343502171347	3.995
87.6361591005883	3.96
74.8590662280072	3.935
68.5915936291304	3.921
78.7815799555257	3.848
94.1525305828745	3.85
99.3487540370853	3.863
99.4776875175199	3.831
73.6847163588485	3.773
79.5223045346874	3.687
86.5605590010066	3.649
91.8073986770245	3.674
96.1617142449657	3.646
104.561327817831	3.605
93.4733996123777	3.738
99.3834665839616	3.327
97.1821175731711	3.555
98.9338924023634	5.393
89.7327220085669	5.472
92.6980618645226	5.372
96.7343890486226	5.242
87.6462651955766	5.436
90.1825210496421	3.544
80.9069312082253	3.577
5.72208607612895	2.268
5.79424932281756	2.295
5.83396920565418	2.352
13.405100969916	2.388
14.4890235845032	2.449
14.4503544128855	2.479
14.1338850896091	2.499
59.1248412415154	6.799
62.3860908578654	6.793
44.0301957292128	6.891
46.2575191774691	6.921
49.8406906803505	6.69
56.0396717514745	6.895
52.8333747724582	7.028
49.6098705616206	7.195
51.6632643331904	7.332
51.30855803197	7.734
59.8138906530758	7.906
57.7170561322376	7.963
63.3632387531751	8.128
55.987932063343	8.465
55.2792714475373	8.521
154.056756022994	4.138
145.85671761678	4.383
142.677532181176	4.403
139.57249574537	4.379
141.85079172807	4.23
143.911149745997	4.478
143.81172278339	5.003
139.399610528133	4.575
140.02392100346	4.415
140.911316381358	5.033
147.781707303498	4.628
148.918927285713	4.044
148.287397360208	4.668
146.087827526933	5.378
149.781746687988	5.067
148.308654610766	4.656
142.077160849537	4.423
145.645915713845	4.473
133.127098901871	4.708
141.505697052489	4.879
137.618011392694	5.244
132.040158274098	4.343
134.141996346376	4.092
126.281806301351	4.393
128.813776102186	4.838
119.405457482606	4.206
111.257307474581	4.369
116.744307466712	4.529
121.455598225566	3.235
130.728080445473	4.353
136.205233719527	5.828
141.656216252771	5.308
139.286831944717	5.511
138.812773780289	6.327
138.054683508362	7.272
144.616760371391	7.023
146.431355662189	6.245
148.067224327624	5.928
152.5751491532	6.045
155.700284332535	6.602
155.831978293503	6.283
155.144607591588	5.934
163.688043435021	6.675
149.436500723205	7.732
152.904968349967	8.636
152.440676299991	8.376
146.414075317671	7.993
142.518255041431	7.991
138.551093270657	8.346
135.98192792477	7.994
239.633228918915	4.852
227.861160635815	4.91
226.387245492818	4.968
240.040606496521	5.025
241.794608548498	5.081
246.941561967938	5.138
240.532000902923	5.196
244.621955482426	5.226
240.0916869648	5.199
227.474919554572	4.901
240.878345964386	4.831
245.979108423174	4.997
239.628902807055	5.099
247.872967967613	5.508
242.169839610674	5.11
234.547798287241	5.286
232.163727120942	5.396
228.304490243943	5.308
207.506200636083	5.503
230.312728366179	5.617
223.895141336499	5.338
223.679202292278	5.782
218.531430885114	5.783
210.991101689205	5.589
216.69978913278	5.602
19.6193946772405	1.931
19.2660194416058	1.929
19.4626353420292	1.94
20.0420528757976	1.947
40.30728829285	1.603
37.688839292856	1.655
36.8948851173958	1.688
37.3878394679557	1.706
38.3650320721429	1.705
39.3032673153505	1.645
41.3209091692761	1.622
44.5356321229013	1.61
43.2845127027484	1.605
42.4493721504723	1.565
42.6122430209168	1.594
43.3930855692113	1.609
42.8261800542723	1.606
43.6584466629931	1.615
50.4668176448364	1.631
50.5703701086051	1.59
50.7428681111634	1.614
49.8610372212989	1.618
45.4882749252153	1.65
45.5070329968547	1.73
42.5591255277125	1.727
33.4608257513004	1.736
27.9335486612726	1.737
27.2219728811088	1.739
17.0792127493714	0.354
16.9524167876314	0.344
16.7299867370508	0.315
18.17622393451	0.335
18.5725695896329	0.33
19.9638888374541	0.333
19.2104845489118	0.337
19.7775837419309	0.349
21.5819782806168	0.344
21.0021547088765	0.342
20.4711276968858	0.338
20.6232633239284	0.329
21.1427490966586	0.332
20.8749682440481	0.332
20.7518380765633	0.323
20.251406174432802	0.321
20.4319291676319	0.318
20.686239817584	0.31
23.924832802293	0.313
23.3670673341823	0.317
22.9443866354174	0.321
22.3591977498015	0.492
22.3618788268503	0.755
22.4199335546698	1.144
36.376614377624	9.576
38.2013046569019	9.326
39.8062297361304	9.175
43.3230601941882	8.725
46.6539894017258	8.299
51.2683830864856	7.981
51.5886032563643	7.69
48.0155951670851	7.28
50.5050278791778	7.1
51.1312734704737	6.826
52.0730898056709	6.552
56.8120752136019	6.813
60.8551994472059	6.813
65.0868440748568	6.654
66.4223260579296	6.567
67.2816829101494	6.611
69.6296579495859	6.689
71.084712424559	2.642
70.4924535108921	2.771
76.4803828032254	3.085
76.0423601366247	2.472
80.9441387552599	2.973
86.4404039581622	3.734
85.4945265011957	3.973
42.366859508687	1.847
34.5814525032058	2.262
27.3397598734239	2.081
21.3991973268622	2.425
19.2164107587618	2.454
18.4276264028147	2.488
18.1512923536453	2.491
18.691397206426	2.539
18.370294988219	2.725
17.5279271816437	2.666
17.1093110954592	2.622
16.9151983665388	2.628
16.9324630672912	2.596
17.7905432124285	2.579
17.4871401090677	2.659
17.6493771369997	2.663
18.3437591921452	2.653
17.3057085070205	2.656
15.1783424092502	2.75
15.1592744316852	2.697
14.925651802112	2.659
15.533394294951	2.653
16.5687117872303	2.66
17.285292160168	2.663
171.008555882896	3.811
114.523707372087	4.408
112.614126727545	4.184
138.420156802208	4.182
139.286798784145	3.749
119.86410466858	3.921
118.194054713527	3.927
121.883254321291	3.489
142.090041003369	3.203
141.001750955266	3.054
142.14091619689	3.023
146.729527312706	3.075
161.66936549055	2.977
166.977968645029	3.01
171.908172153587	3.074
173.99499790398	3.124
195.436874714083	3.073
195.123792733524	3.093
169.284291313307	3.307
189.756039325698	3.25
202.758764594856	3.136
206.022212080044	3.262
207.5039300678	3.303
207.933636347207	3.313
5.55493388478795	2.429
5.49657818913303	2.604
5.48664021720812	2.78
5.52063088634	2.785
26.8692105313788	2.734
26.7070835151747	2.781
26.5208189142552	2.832
26.7288165032096	2.788
205.757621614301	5.994
224.526332457918	6.559
213.828057346114	7.294
214.052827781053	6.595
208.336581946793	7.004
245.179343901363	6.639
230.880722570734	6.79
267.202179980824	6.414
310.93020570099	6.781
328.154772853514	7.204
364.831161928502	7.591
394.998383246022	7.678
439.224313186602	7.407
458.584835490252	7.676
523.497727798209	8.042
581.044661664569	8.158
615.04266989427	8.318
594.532565874798	8.41
598.023675914668	8.616
635.625441426599	8.618
621.696955170625	8.336
602.287619679075	8.172
609.26040354761	9.217
604.428046910004	9.242
27.3940308658864	4.974
29.5360348555853	5.017
28.2965976927956	5.084
29.8125527692573	5.129
29.6870251548251	5.168
30.466192368624	5.151
30.9426790827424	5.17
33.0838744741963	5.222
33.7593990791153	5.241
34.5636567640442	5.261
36.0206897717482	5.302
36.1971869181867	5.34
36.8511908569991	5.341
38.409377153745	5.345
37.4994448953834	5.366
38.9753445650805	5.368
39.7809055114483	5.375
40.9543645554722	5.366
39.4834287309799	5.404
43.532680103377	7.962
41.3057139831366	6.729
42.5973598319706	6.619
42.8591940373746	6.655
42.8515084439748	6.674
42.7369808085489	6.606
43.3304886727478	6.536
45.0975210993087	6.469
43.9399508973062	6.359
47.1307372521215	6.309
50.2072930445115	6.27
51.8839747837594	6.169
52.0369117884259	6.168
50.4128831090647	6.137
53.3434274469799	6.076
48.8676835488642	6.015
50.7587519589128	6.125
52.3927633749175	6.51
53.4933461193055	6.368
54.9796020851253	7.338
59.7794223291902	7.02
63.2275208242125	6.568
61.7459016524768	6.531
60.4628475798127	6.443
64.7977700398396	6.172
67.7624744927986	6.552
69.3599680471106	6.064
67.5371957724577	5.038
68.9446998231905	5.169
72.1955638811436	5.208
19.0163193988281	2.121
18.6799833924421	2.122
18.5708320831808	2.129
18.3532032750226	2.146
18.6206857213677	2.166
18.4015693135264	2.209
18.1776547339148	2.26
18.7896226980319	2.312
19.3940124054208	2.378
19.8814426756929	2.443
20.3662388668246	2.519
20.7562365312632	1.494
20.9474746439804	0.874
21.5000763475259	0.51
21.8320769356149	0.299
21.9677357732241	0.174
22.091401868279	0.197
22.1826496513891	0.22
22.1630953876959	0.248
22.5638986383076	0.28
23.0791212883972	0.316
23.6833465809903	0.353
23.7990067430577	0.398
23.8679711125846	0.452
206.220957599391	6.134
179.304800331592	6.336
159.164676097986	7.127
136.729877933807	6.842
136.10505394925	7.009
126.034021003101	7.145
121.802702240643	7.294
116.356828259297	7.27
116.895089030965	7.129
116.967646998826	7.26
118.378572666907	7.5
120.837732478074	7.271
129.712734423935	7.091
129.979185658124	7.166
130.049696655187	7.11
125.95118117445	7.26
128.501713819947	7.602
124.919913061032	7.539
107.183597589475	7.91
123.929051359137	7.98
118.985677851611	7.753
115.558128453413	7.664
109.950244770927	7.59
100.7933231574	7.98
35.6930170810421	2.895
38.8631421779987	2.857
36.2268721573545	2.842
34.5098977965374	2.805
36.4543109185687	2.769
39.6104578851412	2.739
39.9363157839352	2.708
40.7746248554352	2.674
44.0154707899096	2.648
42.0507912090267	2.619
37.195332274531	3.224
35.005617784074	3.232
34.8381298236156	3.134
39.221185018922	3.25
40.3283649061849	3.028
43.1273528644752	2.29
42.8357685492762	2.538
55.1139834567	2.596
54.6788502432884	2.687
53.9947291161215	2.749
57.9657357387624	3.18
60.5160191517406	2.256
59.9060636215063	2.297
61.0862536538992	2.242
322.570656636695	8.857
324.493804400967	8.933
325.837565741736	9.014
327.86122341625	9.095
328.109261299852	9.179
331.488559892992	9.265
330.823395883901	9.349
329.781573846459	9.429
334.785900476712	9.531
340.381138209612	9.626
330.794307210668	9.771
331.441524683874	9.818
329.385415721086	9.744
333.042297125938	9.566
331.573611498107	9.439
325.341678875397	9.6
327.87525603224	9.62
316.567376396066	9.917
298.509780516568	10.061
302.891994936861	9.772
297.389781575776	9.966
290.777557852945	10.272
292.181996926987	10.205
294.486195898063	10.213
287.922824965585	10.558
99.1360588716149	4.728
91.4185901259949	4.916
92.9127573718295	4.364
90.2319393277732	4.184
81.6024302503356	3.903
82.7404685369858	3.704
82.5893916950262	3.42
90.0402407398254	3.295
91.420818435178	3.158
89.4545551429597	3.041
88.8949388191488	2.914
91.3693496992303	2.806
87.4525081710611	2.707
85.2906451722719	2.559
78.3937748625437	2.5
79.0865483082557	2.412
77.4940980674676	2.302
79.394781882485	2.252
69.7098449043552	2.211
66.3951733781647	2.13
70.6233637383885	2.114
71.1332341620929	2.17
62.4870576846936	2.231
28.5216382698732	6.335
28.8831988594432	6.307
30.0423574020204	6.26
30.0634949972882	6.187
89.20086166688	4.954
97.2518723944909	4.896
88.8649926909436	4.849
100.398397198796	4.797
92.4755566610018	4.754
96.4309079987202	4.86
94.1748090747562	4.733
97.1412583755697	4.599
91.0489169646062	4.593
91.7898423581217	4.642
93.1907596574453	4.566
99.1163716478996	4.599
89.8346339754284	4.62
93.9205246166166	4.666
92.2409964999204	4.692
100.866445559884	3.849
92.2049976216088	3.78
101.358315560991	3.676
100.175624037579	3.726
109.611567434947	3.672
100.446263541334	3.566
107.235396380263	3.761
99.7187651769435	4.197
13.9751621355007	0.233
14.2205272266637	0.264
14.9321852049325	0.296
14.7226835425936	0.327
15.2881785624912	0.352
15.7772434690828	0.368
16.5750893232506	0.395
17.281871773418	0.42
17.5254861701046	0.441
18.1122341019186	0.502
18.9472185667871	0.409
20.228541723593	0.448
20.9176763961392	0.455
22.6981306474424	0.66
23.6584519323909	0.748
23.9717702721558	0.847
25.3505626873175	0.956
26.6668983903843	0.945
28.5655359106461	0.963
31.0953588680025	0.948
30.7963061572838	1.075
30.9957164749083	1.037
30.7032309824988	1.058
9.20959067738505	2.114
9.05802536814577	2.144
9.1108850944619	2.193
9.73320514406793	2.217
16.184801982298	6.646
16.3347013538677	6.698
16.2503517923055	6.782
16.3955405499535	6.876
13.4665850401146	1.213
13.8541372752876	1.217
11.9368247653829	1.227
11.8979533274972	1.221
12.6502178490309	1.214
12.499874658539	1.195
12.7727472072327	1.196
13.138238918743	1.223
14.1193787429777	1.211
14.4721525742993	1.244
15.3581039248903	1.298
14.6335420086866	1.341
15.5525943442665	1.378
16.3081973074613	1.409
16.7727166512632	1.439
17.3285939923363	1.483
16.6327884605268	1.518
16.9741591053984	1.533
18.0720020710808	1.59
17.2186371883189	1.61
14.6886963962479	1.571
13.290481289269101	1.596
16.8179150736133	1.617
108.48492592493	4.75
98.9619969564231	4.899
103.346192513999	5.019
104.380407289368	5.131
107.680048396356	5.249
107.931636212782	5.391
108.896149434043	5.526
106.532160715278	5.664
106.232671613485	5.818
104.581303764222	5.938
106.09461457298	6.318
102.87541384249501	7.333
108.493935735138	7.415
116.782137162348	7.483
115.20205675048	7.54
112.993150194735	7.623
119.265838740728	7.646
126.573396343995	7.63
122.467899483263	7.866
118.950950132892	8.132
116.79746658919	8.618
113.446266266208	8.143
112.028017245535	8.322
115.908059679099	8.915
31.4850166975155	0.804
31.215679589933	0.786
30.5769377419931	0.8
30.101697857157	0.809
29.8802691381415	0.816
28.9595750018552	0.83
29.3449931733171	0.833
28.8817865900864	0.83
28.2271883162071	0.835
28.1785878925941	0.847
28.3060699525018	0.857
28.5007410265387	0.864
28.6808516210779	0.875
28.7487605532013	0.886
28.9186860148736	0.902
28.8096669696002	0.916
28.1396851460585	0.934
28.3124719358609	0.955
28.2109499615927	0.976
28.3616225917537	1
28.9894353456014	1.003
29.4470689956183	1.024
30.0603443682968	1.035
41.6877227696415	1.153
42.1440482308058	1.124
39.803046651429	1.131
38.9921023770981	1.137
39.1653043338264	1.142
38.6068682164811	1.161
37.9148463236544	1.177
38.4410425034837	1.198
40.5508958066707	1.179
38.3245378070985	1.174
38.1043693823841	1.148
37.4016212626845	1.125
35.8258391149664	1.08
34.973140367658	1.058
36.3941056845464	1.005
36.9688545517172	0.94
36.0220198997645	0.942
33.3810460230574	0.919
33.594004541161	0.973
34.2451979710454	1.033
36.3437044751597	1.085
37.565765524385	1.109
38.4499296796328	1.091
